0	0	0	0	0	0	0	0	0	0	0	0	0	0	0	0	0	0	0	
1	0.164176	0.164163	0.164165	0.164165	0.164165	0.164165	0.164165	0.16412	0.166307	-0.00222608	4.34441e-05	8.80402e-08	1.59154e-10	2.83072e-13	5.02527e-16	8.90779e-19	1.58045e-21	2.8044e-24	
2	0.657781	0.657768	0.65777	0.65777	0.65777	0.65777	0.65777	0.657675	0.648226	0.00932285	9.22212e-05	1.49202e-07	2.40405e-10	3.89239e-13	6.28293e-16	1.00177e-18	1.58168e-21	2.45846e-24	
3	1.64746	1.64744	1.64744	1.64744	1.64744	1.64744	1.64744	1.64727	1.59961	0.0474088	0.000168821	2.23122e-07	3.35353e-10	5.31079e-13	8.52845e-16	1.36523e-18	2.19239e-21	3.52253e-24	
4	3.23446	3.23445	3.23445	3.23445	3.23445	3.23445	3.23445	3.23412	3.10548	0.1283	0.000324954	3.48671e-07	4.54245e-10	6.83396e-13	1.07554e-15	1.70509e-18	2.71214e-21	4.30929e-24	
5	5.46198	5.46197	5.46197	5.46197	5.46197	5.46197	5.46197	5.46132	5.19542	0.265607	0.000646967	6.24498e-07	6.59196e-10	8.74233e-13	1.31609e-15	2.05763e-18	3.25073e-21	5.13977e-24	
6	8.32981	8.3298	8.3298	8.3298	8.3298	8.3298	8.3298	8.32852	7.85925	0.469329	0.00126876	1.2743e-06	1.13566e-09	1.21347e-12	1.62988e-15	2.45079e-18	3.82626e-21	6.02152e-24	
7	11.8128	11.8128	11.8128	11.8128	11.8128	11.8128	11.8128	11.8104	11.0652	0.746076	0.00237301	2.75197e-06	2.36159e-09	2.04707e-12	2.21133e-15	2.98695e-18	4.49977e-21	7.00987e-24	
8	15.8737	15.8737	15.8737	15.8737	15.8737	15.8737	15.8737	15.8695	14.7723	1.09963	0.00419442	5.85272e-06	5.46559e-09	4.3401e-12	3.69487e-15	4.02319e-18	5.47287e-21	8.25345e-24	
9	20.471	20.471	20.471	20.471	20.471	20.471	20.471	20.464	18.9373	1.53157	0.00701369	1.19102e-05	1.2792e-08	1.05783e-11	7.97698e-15	6.74423e-18	7.42564e-21	1.0186e-23	
10	25.5626	25.5626	25.5626	25.5626	25.5626	25.5626	25.5625	25.5514	23.5184	2.04181	0.0111433	2.29956e-05	2.89425e-08	2.6526e-11	2.02483e-14	1.48062e-17	1.26089e-20	1.41775e-23	
11	31.1078	31.1078	31.1078	31.1078	31.1078	31.1078	31.1078	31.0909	28.4761	2.62906	0.0169068	4.2002e-05	6.20865e-08	6.4828e-11	5.34905e-14	3.86591e-17	2.81183e-20	2.46104e-23	
12	37.0686	37.0686	37.0686	37.0686	37.0686	37.0686	37.0685	37.0439	33.7745	3.29117	0.0246394	7.2988e-05	1.26323e-07	1.50942e-10	1.38429e-13	1.06175e-16	7.46429e-20	5.51535e-23	
13	43.4094	43.4094	43.4094	43.4094	43.4094	43.4094	43.4093	43.3747	39.3808	4.02538	0.034667	0.000121159	2.44712e-07	3.33574e-10	3.43358e-13	2.87592e-16	2.10653e-19	1.47219e-22	
14	50.0976	50.0976	50.0976	50.0976	50.0976	50.0976	50.0974	50.0503	45.2655	4.8286	0.0473155	0.000193077	4.50841e-07	7.0109e-10	8.09856e-13	7.48635e-16	5.88114e-19	4.19318e-22	
15	57.1032	57.1032	57.1032	57.1032	57.1032	57.1032	57.1029	57.0403	51.4019	5.69746	0.0628734	0.000296668	7.96825e-07	1.4073e-09	1.82224e-12	1.86215e-15	1.58786e-18	1.19424e-21	
16	64.3987	64.3987	64.3987	64.3987	64.3987	64.3987	64.3983	64.3171	57.7661	6.62848	0.0816043	0.000441531	1.35357e-06	2.70835e-09	3.91355e-12	4.42014e-15	4.11688e-18	3.31152e-21	
17	71.959	71.959	71.959	71.959	71.959	71.959	71.9584	71.8553	64.3364	7.61814	0.103737	0.000637501	2.22007e-06	5.00335e-09	8.06582e-12	1.0049e-14	1.02176e-17	8.87061e-21	
18	79.7611	79.7611	79.7611	79.7611	79.7611	79.7611	79.7602	79.6316	71.0934	8.66295	0.129467	0.000897131	3.5246e-06	8.91879e-09	1.59878e-11	2.19115e-14	2.43282e-17	2.28601e-20	
19	87.784	87.784	87.784	87.784	87.784	87.784	87.7828	87.6251	78.0195	9.75947	0.158949	0.00123198	5.4341e-06	1.53733e-08	3.05903e-11	4.61095e-14	5.57492e-17	5.65866e-20	
20	96.0086	96.0086	96.0086	96.0086	96.0086	96.0086	96.0069	95.8163	85.0989	10.9044	0.192305	0.00165573	8.16762e-06	2.56923e-08	5.65101e-11	9.35705e-14	1.23286e-16	1.35176e-19	
21	104.417	104.417	104.417	104.417	104.417	104.417	104.415	104.188	92.3172	12.0945	0.22962	0.00218311	1.19656e-05	4.17855e-08	1.01276e-10	1.8361e-13	2.63125e-16	3.11406e-19	
22	112.994	112.994	112.994	112.994	112.994	112.994	112.991	112.723	99.6616	13.3267	0.270946	0.00282789	1.71416e-05	6.61271e-08	1.76281e-10	3.49777e-13	5.44359e-16	6.94718e-19	
23	121.725	121.725	121.725	121.725	121.725	121.725	121.721	121.408	107.12	14.5981	0.316306	0.0036039	2.40617e-05	1.02162e-07	2.98771e-10	6.46052e-13	1.09111e-15	1.50185e-18	
24	130.595	130.595	130.595	130.595	130.595	130.595	130.591	130.23	114.683	15.9059	0.365692	0.00452501	3.31242e-05	1.54275e-07	4.93403e-10	1.16143e-12	2.12409e-15	3.15499e-18	
25	139.594	139.594	139.594	139.594	139.594	139.594	139.588	139.175	122.339	17.2476	0.419074	0.00560411	4.48218e-05	2.2811e-07	7.95703e-10	2.03617e-12	4.02961e-15	6.43454e-18	
26	148.709	148.709	148.709	148.709	148.709	148.709	148.703	148.233	130.082	18.6206	0.476397	0.00685209	5.96588e-05	3.30772e-07	1.25581e-09	3.48271e-12	7.43729e-15	1.27723e-17	
27	157.932	157.932	157.932	157.932	157.932	157.932	157.923	157.394	137.902	20.0226	0.5376	0.00829015	7.81624e-05	4.70736e-07	1.94164e-09	5.82942e-12	1.34165e-14	2.46942e-17	
28	167.252	167.252	167.252	167.252	167.252	167.251	167.242	166.649	145.792	21.4516	0.602584	0.00991894	0.000100964	6.58778e-07	2.94513e-09	9.54701e-12	2.36546e-14	4.67183e-17	
29	176.66	176.66	176.66	176.66	176.66	176.66	176.649	175.989	153.747	22.9054	0.671261	0.0117598	0.000128699	9.07468e-07	4.38754e-09	1.53256e-11	4.07606e-14	8.63027e-17	
30	185.986	185.986	185.986	185.986	185.986	185.986	185.973	185.243	161.592	24.5452	0.902118	0.172506	0.158855	0.158694	0.158693	0.158693	0.158691	0.158703	
31	195.057	195.057	195.057	195.057	195.057	195.057	195.041	194.238	169.187	26.4975	1.45488	0.651935	0.636046	0.635846	0.635844	0.635844	0.635842	0.635855	
32	203.7	203.7	203.7	203.7	203.7	203.699	203.681	202.802	176.387	28.8967	2.49045	1.61112	1.59278	1.59253	1.59253	1.59253	1.59253	1.59254	
33	211.807	211.807	211.807	211.807	211.807	211.806	211.785	210.827	183.117	31.8071	4.10648	3.14797	3.12694	3.12664	3.12664	3.12664	3.12664	3.12665	
34	219.33	219.33	219.33	219.33	219.33	219.329	219.305	218.265	189.358	35.2424	6.34441	5.30421	5.28027	5.27991	5.27991	5.27991	5.2799	5.27992	
35	226.264	226.264	226.264	226.264	226.264	226.264	226.236	225.113	195.125	39.1814	9.20366	8.07966	8.05258	8.05214	8.05214	8.05214	8.05214	8.05215	
36	232.63	232.63	232.63	232.63	232.63	232.63	232.599	231.39	200.454	43.5855	12.6594	11.45	11.4195	11.419	11.419	11.419	11.419	11.419	
37	238.462	238.462	238.462	238.462	238.462	238.461	238.427	237.131	205.386	48.4103	16.6751	15.3793	15.3452	15.3446	15.3446	15.3446	15.3446	15.3446	
38	243.796	243.796	243.796	243.796	243.796	243.795	243.757	242.375	209.963	53.6114	21.2098	19.8272	19.7893	19.7886	19.7886	19.7886	19.7886	19.7887	
39	248.672	248.672	248.672	248.672	248.672	248.671	248.629	247.161	214.224	59.1474	26.2221	24.7533	24.7113	24.7105	24.7105	24.7105	24.7105	24.7105	
40	253.127	253.127	253.127	253.127	253.127	253.126	253.08	251.526	218.206	64.9806	31.6721	30.1181	30.0719	30.0709	30.0709	30.0709	30.0709	30.0709	
41	257.197	257.197	257.197	257.197	257.197	257.195	257.145	255.508	221.941	71.0776	37.5219	35.8847	35.8341	35.833	35.833	35.833	35.833	35.833	
42	260.913	260.913	260.913	260.913	260.913	260.912	260.857	259.139	225.455	77.4087	43.7367	42.019	41.9637	41.9624	41.9624	41.9624	41.9624	41.9624	
43	264.308	264.308	264.308	264.308	264.308	264.306	264.246	262.451	228.775	83.9478	50.2841	48.4893	48.4291	48.4277	48.4277	48.4277	48.4277	48.4277	
44	267.407	267.407	267.407	267.407	267.407	267.406	267.341	265.473	231.923	90.6719	57.1343	55.2665	55.2014	55.1998	55.1998	55.1998	55.1998	55.1998	
45	270.238	270.238	270.238	270.238	270.238	270.236	270.166	268.23	234.917	97.5606	64.2602	62.3241	62.2539	62.2521	62.2521	62.2521	62.2521	62.2521	
46	272.823	272.823	272.823	272.823	272.823	272.821	272.745	270.746	237.774	104.596	71.637	69.6378	69.5624	69.5604	69.5604	69.5604	69.5604	69.5604	
47	275.183	275.183	275.183	275.183	275.183	275.181	275.1	273.044	240.51	111.762	79.2419	77.1853	77.1046	77.1024	77.1024	77.1024	77.1024	77.1024	
48	277.338	277.338	277.338	277.338	277.338	277.336	277.25	275.142	243.137	119.046	87.0543	84.9463	84.8604	84.8579	84.8579	84.8579	84.8579	84.8579	
49	279.306	279.306	279.306	279.306	279.306	279.304	279.213	277.06	245.668	126.433	95.0553	92.9023	92.811	92.8084	92.8083	92.8083	92.8083	92.8083	
50	281.104	281.104	281.104	281.104	281.104	281.101	281.004	278.813	248.114	133.754	103.069	100.878	100.781	100.778	100.778	100.778	100.778	100.778	
51	282.745	282.745	282.745	282.745	282.745	282.742	282.64	280.417	250.47	140.853	110.92	108.697	108.595	108.592	108.592	108.592	108.592	108.592	
52	284.243	284.243	284.243	284.243	284.243	284.24	284.133	281.885	252.731	147.573	118.433	116.185	116.078	116.075	116.075	116.075	116.075	116.075	
53	285.612	285.612	285.612	285.612	285.612	285.608	285.496	283.23	254.888	153.825	125.498	123.231	123.119	123.115	123.115	123.115	123.115	123.115	
54	286.861	286.862	286.862	286.861	286.861	286.857	286.741	284.462	256.936	159.572	132.06	129.782	129.665	129.661	129.661	129.661	129.661	129.661	
55	288.003	288.003	288.003	288.003	288.002	287.998	287.877	285.593	258.87	164.819	138.11	135.826	135.705	135.7	135.7	135.7	135.7	135.7	
56	289.045	289.045	289.045	289.045	289.044	289.04	288.914	286.631	260.689	169.59	143.662	141.379	141.253	141.248	141.248	141.248	141.248	141.248	
57	289.996	289.996	289.996	289.996	289.996	289.991	289.861	287.585	262.393	173.921	148.743	146.467	146.337	146.332	146.332	146.332	146.332	146.332	
58	290.865	290.865	290.865	290.865	290.865	290.859	290.726	288.461	263.986	177.848	153.387	151.122	150.989	150.983	150.983	150.983	150.983	150.983	
59	291.658	291.658	291.658	291.658	291.658	291.652	291.515	289.268	265.471	181.408	157.626	155.378	155.241	155.235	155.235	155.235	155.235	155.235	
60	292.383	292.383	292.383	292.383	292.383	292.377	292.236	290.009	266.852	184.636	161.494	159.267	159.126	159.12	159.12	159.12	159.12	159.12	
61	293.044	293.044	293.044	293.044	293.044	293.038	292.894	290.693	268.135	187.564	165.021	162.819	162.676	162.669	162.669	162.669	162.669	162.669	
62	293.648	293.648	293.648	293.648	293.648	293.641	293.496	291.322	269.325	190.22	168.238	166.063	165.918	165.911	165.911	165.911	165.911	165.911	
63	294.2	294.2	294.2	294.2	294.2	294.193	294.045	291.901	270.427	192.629	171.17	169.026	168.878	168.871	168.871	168.871	168.871	168.871	
64	294.704	294.704	294.704	294.704	294.703	294.696	294.546	292.436	271.447	194.817	173.843	171.732	171.582	171.575	171.574	171.574	171.574	171.574	
65	295.164	295.164	295.164	295.164	295.163	295.156	295.004	292.928	272.389	196.803	176.279	174.202	174.051	174.043	174.043	174.043	174.043	174.043	
66	295.584	295.584	295.584	295.584	295.583	295.576	295.423	293.382	273.259	198.607	178.499	176.458	176.306	176.298	176.297	176.297	176.297	176.297	
67	295.967	295.967	295.967	295.967	295.967	295.959	295.805	293.801	274.062	200.246	180.522	178.518	178.364	178.356	178.356	178.356	178.356	178.356	
68	296.318	296.318	296.318	296.318	296.317	296.309	296.154	294.188	274.803	201.736	182.366	180.399	180.244	180.236	180.236	180.236	180.236	180.236	
69	296.637	296.637	296.637	296.637	296.637	296.628	296.474	294.544	275.486	203.09	184.046	182.116	181.961	181.952	181.952	181.952	181.952	181.952	
70	296.929	296.929	296.929	296.929	296.929	296.92	296.765	294.873	276.114	204.321	185.577	183.684	183.529	183.52	183.52	183.52	183.52	183.52	
71	297.196	297.196	297.196	297.196	297.196	297.186	297.032	295.176	276.693	205.44	186.972	185.115	184.961	184.951	184.951	184.951	184.951	184.951	
72	297.44	297.44	297.44	297.44	297.439	297.43	297.276	295.455	277.225	206.458	188.243	186.422	186.268	186.258	186.258	186.258	186.258	186.258	
73	297.662	297.662	297.662	297.662	297.662	297.652	297.499	295.713	277.715	207.384	189.401	187.615	187.462	187.452	187.451	187.451	187.451	187.451	
74	297.865	297.865	297.865	297.865	297.865	297.855	297.703	295.951	278.166	208.227	190.456	188.704	188.552	188.542	188.541	188.541	188.541	188.541	
75	298.05	298.05	298.05	298.05	298.05	298.04	297.889	296.17	278.579	208.993	191.417	189.698	189.547	189.537	189.536	189.536	189.536	189.536	
76	298.22	298.22	298.22	298.22	298.219	298.209	298.059	296.372	278.96	209.691	192.293	190.606	190.456	190.446	190.445	190.445	190.445	190.445	
77	298.374	298.374	298.374	298.374	298.374	298.364	298.215	296.558	279.309	210.326	193.092	191.434	191.286	191.276	191.275	191.275	191.275	191.275	
78	298.516	298.516	298.516	298.516	298.515	298.505	298.358	296.73	279.63	210.904	193.819	192.191	192.044	192.033	192.033	192.033	192.033	192.033	
79	298.644	298.645	298.645	298.644	298.644	298.633	298.488	296.888	279.925	211.43	194.481	192.881	192.736	192.725	192.725	192.725	192.725	192.725	
80	298.762	298.762	298.762	298.762	298.762	298.751	298.608	297.034	280.195	211.91	195.085	193.511	193.368	193.357	193.357	193.357	193.357	193.357	
81	298.87	298.87	298.87	298.87	298.869	298.858	298.717	297.169	280.443	212.346	195.635	194.086	193.945	193.934	193.934	193.934	193.934	193.934	
82	298.968	298.968	298.968	298.968	298.967	298.957	298.817	297.292	280.671	212.743	196.136	194.611	194.472	194.461	194.46	194.46	194.46	194.46	
83	299.058	299.058	299.058	299.058	299.057	299.046	298.908	297.406	280.879	213.105	196.593	195.091	194.953	194.942	194.942	194.942	194.942	194.942	
84	299.139	299.139	299.139	299.139	299.139	299.128	298.992	297.512	281.071	213.435	197.009	195.528	195.392	195.382	195.381	195.381	195.381	195.381	
85	299.214	299.214	299.214	299.214	299.213	299.203	299.069	297.608	281.247	213.735	197.388	195.927	195.793	195.783	195.782	195.782	195.782	195.782	
86	299.282	299.282	299.282	299.282	299.282	299.271	299.139	297.697	281.408	214.009	197.734	196.292	196.16	196.149	196.148	196.148	196.148	196.148	
87	299.345	299.345	299.345	299.345	299.344	299.333	299.203	297.779	281.555	214.258	198.049	196.624	196.494	196.484	196.483	196.483	196.483	196.483	
88	299.402	299.402	299.402	299.402	299.401	299.39	299.262	297.855	281.69	214.485	198.336	196.928	196.8	196.789	196.788	196.788	196.788	196.788	
89	299.454	299.454	299.454	299.454	299.453	299.442	299.316	297.924	281.814	214.692	198.597	197.205	197.079	197.068	197.067	197.067	197.067	197.067	
90	299.501	299.501	299.501	299.501	299.5	299.49	299.365	297.988	281.928	214.881	198.835	197.458	197.333	197.323	197.322	197.322	197.322	197.322	
91	299.544	299.544	299.544	299.544	299.544	299.533	299.411	298.047	282.032	215.053	199.053	197.688	197.566	197.555	197.555	197.555	197.555	197.555	
92	299.584	299.584	299.584	299.584	299.583	299.573	299.452	298.101	282.127	215.209	199.25	197.899	197.778	197.768	197.767	197.767	197.767	197.767	
93	299.62	299.62	299.62	299.62	299.619	299.609	299.49	298.151	282.215	215.352	199.431	198.091	197.972	197.962	197.961	197.961	197.961	197.961	
94	299.653	299.653	299.653	299.653	299.652	299.642	299.525	298.196	282.295	215.482	199.595	198.267	198.149	198.139	198.138	198.138	198.138	198.138	
95	299.683	299.683	299.683	299.683	299.682	299.672	299.556	298.238	282.368	215.601	199.745	198.427	198.311	198.3	198.3	198.3	198.3	198.3	
96	299.711	299.711	299.711	299.711	299.71	299.7	299.585	298.277	282.435	215.709	199.881	198.573	198.458	198.448	198.447	198.447	198.447	198.447	
97	299.736	299.736	299.736	299.736	299.735	299.725	299.612	298.313	282.497	215.807	200.006	198.706	198.593	198.583	198.582	198.582	198.582	198.582	
98	299.759	299.759	299.759	299.759	299.758	299.748	299.637	298.345	282.553	215.897	200.119	198.828	198.716	198.706	198.705	198.705	198.705	198.705	
99	299.78	299.78	299.78	299.78	299.779	299.769	299.659	298.375	282.604	215.979	200.223	198.939	198.828	198.819	198.818	198.818	198.818	198.818	
100	299.799	299.799	299.799	299.799	299.798	299.789	299.68	298.403	282.652	216.053	200.317	199.04	198.931	198.921	198.921	198.92	198.92	198.92	
101	299.816	299.816	299.816	299.816	299.816	299.806	299.698	298.428	282.695	216.122	200.403	199.132	199.024	199.015	199.014	199.014	199.014	199.014	
102	299.832	299.832	299.832	299.832	299.831	299.822	299.716	298.452	282.734	216.184	200.481	199.217	199.11	199.101	199.1	199.1	199.1	199.1	
103	299.847	299.847	299.847	299.847	299.846	299.837	299.731	298.473	282.77	216.24	200.552	199.294	199.188	199.179	199.178	199.178	199.178	199.178	
104	299.86	299.86	299.86	299.86	299.859	299.85	299.746	298.493	282.804	216.292	200.617	199.364	199.259	199.25	199.249	199.249	199.249	199.249	
105	299.872	299.872	299.872	299.872	299.871	299.862	299.759	298.511	282.834	216.339	200.677	199.428	199.324	199.315	199.315	199.315	199.315	199.315	
106	299.883	299.883	299.883	299.883	299.883	299.874	299.771	298.527	282.862	216.382	200.731	199.486	199.384	199.375	199.374	199.374	199.374	199.374	
107	299.893	299.894	299.894	299.894	299.893	299.884	299.782	298.543	282.887	216.421	200.78	199.54	199.438	199.429	199.429	199.429	199.429	199.428	
108	299.903	299.903	299.903	299.903	299.902	299.893	299.793	298.557	282.91	216.456	200.825	199.588	199.488	199.479	199.478	199.478	199.478	199.478	
109	299.911	299.911	299.911	299.911	299.91	299.902	299.802	298.569	282.931	216.489	200.866	199.633	199.533	199.524	199.524	199.523	199.523	199.523	
110	299.919	299.919	299.919	299.919	299.918	299.91	299.811	298.581	282.951	216.519	200.903	199.673	199.574	199.566	199.565	199.565	199.565	199.565	
111	299.926	299.926	299.926	299.926	299.925	299.917	299.818	298.592	282.969	216.546	200.937	199.71	199.612	199.603	199.603	199.603	199.603	199.603	
112	299.932	299.932	299.932	299.932	299.932	299.923	299.826	298.602	282.985	216.57	200.968	199.744	199.646	199.638	199.637	199.637	199.637	199.637	
113	299.938	299.938	299.938	299.938	299.938	299.929	299.832	298.611	283	216.593	200.996	199.775	199.678	199.669	199.669	199.669	199.669	199.669	
114	299.944	299.944	299.944	299.944	299.943	299.935	299.838	298.619	283.013	216.613	201.022	199.803	199.706	199.698	199.698	199.697	199.697	199.697	
115	299.949	299.949	299.949	299.949	299.948	299.94	299.844	298.627	283.026	216.632	201.046	199.829	199.733	199.724	199.724	199.724	199.724	199.724	
116	299.953	299.953	299.953	299.953	299.952	299.944	299.849	298.634	283.037	216.649	201.067	199.852	199.756	199.748	199.748	199.748	199.748	199.748	
117	299.957	299.957	299.957	299.957	299.956	299.948	299.854	298.641	283.048	216.665	201.087	199.873	199.778	199.77	199.77	199.77	199.77	199.77	
118	299.961	299.961	299.961	299.961	299.96	299.952	299.858	298.646	283.057	216.679	201.104	199.893	199.798	199.79	199.79	199.79	199.79	199.79	
119	299.964	299.964	299.964	299.964	299.963	299.956	299.862	298.652	283.066	216.692	201.121	199.91	199.816	199.809	199.808	199.808	199.808	199.808	
120	299.967	299.967	299.967	299.967	299.967	299.959	299.865	298.657	283.074	216.704	201.136	199.927	199.833	199.825	199.825	199.825	199.825	199.825	
121	299.97	299.97	299.97	299.97	299.969	299.962	299.869	298.661	283.081	216.715	201.149	199.941	199.848	199.841	199.84	199.84	199.84	199.84	
122	299.973	299.973	299.973	299.973	299.972	299.964	299.872	298.666	283.088	216.724	201.161	199.955	199.862	199.854	199.854	199.854	199.854	199.854	
123	299.975	299.975	299.975	299.975	299.974	299.967	299.874	298.669	283.094	216.733	201.173	199.967	199.875	199.867	199.867	199.866	199.866	199.866	
124	299.977	299.977	299.977	299.977	299.977	299.969	299.877	298.673	283.1	216.742	201.183	199.979	199.886	199.879	199.878	199.878	199.878	199.878	
125	299.979	299.979	299.979	299.979	299.979	299.971	299.879	298.676	283.105	216.749	201.192	199.989	199.897	199.889	199.889	199.889	199.889	199.889	
126	299.981	299.981	299.981	299.981	299.98	299.973	299.881	298.679	283.109	216.756	201.201	199.998	199.906	199.899	199.898	199.898	199.898	199.898	
127	299.983	299.983	299.983	299.983	299.982	299.975	299.883	298.682	283.114	216.762	201.208	200.007	199.915	199.908	199.907	199.907	199.907	199.907	
128	299.984	299.984	299.984	299.984	299.984	299.976	299.885	298.684	283.117	216.768	201.216	200.014	199.923	199.916	199.915	199.915	199.915	199.915	
129	299.986	299.986	299.986	299.986	299.985	299.978	299.887	298.687	283.121	216.773	201.222	200.022	199.93	199.923	199.923	199.923	199.923	199.923	
130	299.987	299.987	299.987	299.987	299.986	299.979	299.888	298.689	283.124	216.778	201.228	200.028	199.937	199.93	199.929	199.929	199.929	199.929	
131	299.988	299.988	299.988	299.988	299.987	299.98	299.89	298.691	283.127	216.782	201.233	200.034	199.943	199.936	199.936	199.935	199.935	199.935	
132	299.989	299.989	299.989	299.989	299.988	299.981	299.891	298.692	283.13	216.786	201.238	200.039	199.949	199.942	199.941	199.941	199.941	199.941	
133	299.99	299.99	299.99	299.99	299.989	299.982	299.892	298.694	283.132	216.789	201.243	200.044	199.954	199.947	199.946	199.946	199.946	199.946	
134	299.991	299.991	299.991	299.991	299.99	299.983	299.893	298.696	283.135	216.793	201.247	200.049	199.959	199.951	199.951	199.951	199.951	199.951	
135	299.992	299.992	299.992	299.992	299.991	299.984	299.894	298.697	283.137	216.796	201.25	200.053	199.963	199.956	199.955	199.955	199.955	199.955	
136	299.992	299.992	299.992	299.992	299.992	299.985	299.895	298.698	283.139	216.798	201.254	200.057	199.967	199.96	199.959	199.959	199.959	199.959	
137	299.993	299.993	299.993	299.993	299.992	299.985	299.896	298.699	283.14	216.801	201.257	200.06	199.97	199.963	199.963	199.963	199.963	199.963	
138	299.994	299.994	299.994	299.994	299.993	299.986	299.896	298.7	283.142	216.803	201.26	200.063	199.973	199.966	199.966	199.966	199.966	199.966	
139	299.994	299.994	299.994	299.994	299.994	299.987	299.897	298.701	283.143	216.805	201.262	200.066	199.976	199.969	199.969	199.969	199.969	199.969	
140	299.995	299.995	299.995	299.995	299.994	299.987	299.898	298.702	283.145	216.807	201.265	200.069	199.979	199.972	199.972	199.972	199.972	199.971	
141	299.995	299.995	299.995	299.995	299.995	299.988	299.898	298.703	283.146	216.809	201.267	200.071	199.981	199.975	199.974	199.974	199.974	199.974	
142	299.996	299.996	299.996	299.996	299.995	299.988	299.899	298.704	283.147	216.81	201.269	200.073	199.984	199.977	199.976	199.976	199.976	199.976	
143	299.996	299.996	299.996	299.996	299.995	299.989	299.899	298.704	283.148	216.812	201.27	200.075	199.986	199.979	199.978	199.978	199.978	199.978	
144	299.996	299.996	299.996	299.996	299.996	299.989	299.9	298.705	283.149	216.813	201.272	200.077	199.988	199.981	199.98	199.98	199.98	199.98	
145	299.997	299.997	299.997	299.997	299.996	299.989	299.9	298.705	283.15	216.814	201.273	200.078	199.989	199.982	199.982	199.982	199.982	199.982	
146	299.997	299.997	299.997	299.997	299.996	299.989	299.9	298.706	283.151	216.815	201.275	200.08	199.991	199.984	199.984	199.984	199.984	199.983	
147	299.997	299.997	299.997	299.997	299.997	299.99	299.901	298.706	283.151	216.816	201.276	200.081	199.992	199.985	199.985	199.985	199.985	199.985	
148	299.997	299.998	299.997	299.997	299.997	299.99	299.901	298.707	283.152	216.817	201.277	200.083	199.994	199.987	199.986	199.986	199.986	199.986	
149	299.998	299.998	299.998	299.998	299.997	299.99	299.901	298.707	283.153	216.818	201.278	200.084	199.995	199.988	199.988	199.987	199.987	199.987	
150	299.998	299.998	299.998	299.998	299.997	299.991	299.902	298.708	283.153	216.819	201.279	200.085	199.996	199.989	199.989	199.989	199.989	199.989	
151	299.998	299.998	299.998	299.998	299.997	299.991	299.902	298.708	283.154	216.82	201.28	200.086	199.997	199.99	199.99	199.99	199.99	199.99	
152	299.998	299.998	299.998	299.998	299.998	299.991	299.902	298.708	283.154	216.82	201.281	200.087	199.998	199.991	199.991	199.99	199.99	199.99	
153	299.998	299.999	299.998	299.998	299.998	299.991	299.902	298.709	283.155	216.821	201.281	200.087	199.999	199.992	199.991	199.991	199.991	199.991	
154	299.999	299.999	299.999	299.999	299.998	299.991	299.902	298.709	283.155	216.821	201.282	200.088	199.999	199.993	199.992	199.992	199.992	199.992	
155	299.999	299.999	299.999	299.999	299.998	299.991	299.903	298.709	283.155	216.822	201.283	200.089	200	199.993	199.993	199.993	199.993	199.993	
156	299.999	299.999	299.999	299.999	299.998	299.991	299.903	298.709	283.156	216.822	201.283	200.089	200.001	199.994	199.993	199.993	199.993	199.993	
157	299.999	299.999	299.999	299.999	299.998	299.992	299.903	298.709	283.156	216.823	201.284	200.09	200.001	199.994	199.994	199.994	199.994	199.994	
158	299.999	299.999	299.999	299.999	299.998	299.992	299.903	298.71	283.156	216.823	201.284	200.09	200.002	199.995	199.995	199.995	199.995	199.994	
159	299.999	299.999	299.999	299.999	299.998	299.992	299.903	298.71	283.156	216.823	201.285	200.091	200.002	199.995	199.995	199.995	199.995	199.995	
160	299.999	299.999	299.999	299.999	299.999	299.992	299.903	298.71	283.157	216.824	201.285	200.091	200.003	199.996	199.995	199.995	199.995	199.995	
161	299.999	299.999	299.999	299.999	299.999	299.992	299.903	298.71	283.157	216.824	201.285	200.092	200.003	199.996	199.996	199.996	199.996	199.996	
162	299.999	299.999	299.999	299.999	299.999	299.992	299.903	298.71	283.157	216.824	201.286	200.092	200.003	199.997	199.996	199.996	199.996	199.996	
163	299.999	300	299.999	299.999	299.999	299.992	299.904	298.71	283.157	216.824	201.286	200.092	200.004	199.997	199.997	199.997	199.997	199.996	
164	299.999	300	299.999	299.999	299.999	299.992	299.904	298.711	283.157	216.825	201.286	200.093	200.004	199.997	199.997	199.997	199.997	199.997	
165	299.999	300	300	300	299.999	299.992	299.904	298.711	283.157	216.825	201.286	200.093	200.004	199.998	199.997	199.997	199.997	199.997	
166	300	300	300	300	299.999	299.992	299.904	298.711	283.158	216.825	201.287	200.093	200.004	199.998	199.997	199.997	199.997	199.997	
167	300	300	300	300	299.999	299.992	299.904	298.711	283.158	216.825	201.287	200.093	200.005	199.998	199.998	199.998	199.998	199.998	
168	300	300	300	300	299.999	299.992	299.904	298.711	283.158	216.825	201.287	200.094	200.005	199.998	199.998	199.998	199.998	199.998	
169	300	300	300	300	299.999	299.993	299.904	298.711	283.158	216.825	201.287	200.094	200.005	199.998	199.998	199.998	199.998	199.998	
170	300	300	300	300	299.999	299.993	299.904	298.711	283.158	216.826	201.287	200.094	200.005	199.999	199.998	199.998	199.998	199.998	
171	300	300	300	300	299.999	299.993	299.904	298.711	283.158	216.826	201.288	200.094	200.005	199.999	199.998	199.998	199.998	199.998	
172	300	300	300	300	299.999	299.993	299.904	298.711	283.158	216.826	201.288	200.094	200.006	199.999	199.999	199.999	199.999	199.998	
173	300	300	300	300	299.999	299.993	299.904	298.711	283.158	216.826	201.288	200.094	200.006	199.999	199.999	199.999	199.999	199.999	
174	300	300	300	300	299.999	299.993	299.904	298.711	283.158	216.826	201.288	200.094	200.006	199.999	199.999	199.999	199.999	199.999	
175	300	300	300	300	299.999	299.993	299.904	298.711	283.158	216.826	201.288	200.095	200.006	199.999	199.999	199.999	199.999	199.999	
176	300	300	300	300	299.999	299.993	299.904	298.711	283.158	216.826	201.288	200.095	200.006	199.999	199.999	199.999	199.999	199.999	
177	300	300	300	300	299.999	299.993	299.904	298.711	283.158	216.826	201.288	200.095	200.006	200	199.999	199.999	199.999	199.999	
178	300	300	300	300	299.999	299.993	299.904	298.711	283.159	216.826	201.288	200.095	200.006	200	199.999	199.999	199.999	199.999	
179	300	300	300	300	299.999	299.993	299.904	298.711	283.159	216.826	201.288	200.095	200.006	200	199.999	199.999	199.999	199.999	
180	300	300	300	300	299.999	299.993	299.904	298.711	283.159	216.826	201.288	200.095	200.006	200	199.999	199.999	199.999	199.999	
181	300	300	300	300	299.999	299.993	299.904	298.711	283.159	216.826	201.288	200.095	200.006	200	199.999	199.999	199.999	199.999	
182	300	300	300	300	299.999	299.993	299.904	298.711	283.159	216.826	201.288	200.095	200.006	200	199.999	199.999	200	199.999	
183	300	300	300	300	300	299.993	299.904	298.711	283.159	216.827	201.289	200.095	200.006	200	199.999	199.999	200	199.999	
184	300	300	300	300	300	299.993	299.904	298.712	283.159	216.827	201.289	200.095	200.007	200	200	199.999	200	200	
185	300	300	300	300	300	299.993	299.904	298.712	283.159	216.827	201.289	200.095	200.007	200	200	200	200	200	
186	300	300	300	300	300	299.993	299.904	298.712	283.159	216.827	201.289	200.095	200.007	200	200	200	200	200	
187	300	300	300	300	300	299.993	299.904	298.712	283.159	216.827	201.289	200.095	200.007	200	200	200	200	200	
188	300	300	300	300	300	299.993	299.904	298.712	283.159	216.827	201.289	200.095	200.007	200	200	200	200	200	
189	300	300	300	300	300	299.993	299.905	298.712	283.159	216.827	201.289	200.095	200.007	200	200	200	200	200	
190	300	300	300	300	300	299.993	299.905	298.712	283.159	216.827	201.289	200.095	200.007	200	200	200	200	200	
191	300	300	300	300	300	299.993	299.905	298.712	283.159	216.827	201.289	200.096	200.007	200	200	200	200	200	
192	300	300	300	300	300	299.993	299.905	298.712	283.159	216.827	201.289	200.096	200.007	200	200	200	200	200	
193	300	300	300	300	300	299.993	299.905	298.712	283.159	216.827	201.289	200.096	200.007	200	200	200	200	200	
194	300	300	300	300	300	299.993	299.905	298.712	283.159	216.827	201.289	200.096	200.007	200	200	200	200	200	
195	300	300	300	300	300	299.993	299.905	298.712	283.159	216.827	201.289	200.096	200.007	200	200	200	200	200	
196	300	300	300	300	300	299.993	299.905	298.712	283.159	216.827	201.289	200.096	200.007	200	200	200	200	200	
197	300	300	300	300	300	299.993	299.905	298.712	283.159	216.827	201.289	200.096	200.007	200	200	200	200	200	
198	300	300	300	300	300	299.993	299.905	298.712	283.159	216.827	201.289	200.096	200.007	200	200	200	200	200	
199	300	300	300	300	300	299.993	299.905	298.712	283.159	216.827	201.289	200.096	200.007	200	200	200	200	200	
200	300	300	300	300	300	299.993	299.905	298.712	283.159	216.827	201.289	200.096	200.007	200	200	200	200	200	
201	300	300	300	300	300	299.993	299.905	298.712	283.159	216.827	201.289	200.096	200.007	200	200	200	200	200	
202	300	300	300	300	300	299.993	299.905	298.712	283.159	216.827	201.289	200.096	200.007	200.001	200	200	200	200	
203	300	300	300	300	300	299.993	299.905	298.712	283.159	216.827	201.289	200.096	200.007	200.001	200	200	200	200	
204	300	300	300	300	300	299.993	299.905	298.712	283.159	216.827	201.289	200.096	200.007	200.001	200	200	200	200	
205	300	300	300	300	300	299.993	299.905	298.712	283.159	216.827	201.289	200.096	200.007	200.001	200	200	200	200	
206	300	300	300	300	300	299.993	299.905	298.712	283.159	216.827	201.289	200.096	200.007	200.001	200	200	200	200	
207	300	300	300	300	300	299.993	299.905	298.712	283.159	216.827	201.289	200.096	200.007	200.001	200	200	200	200	
208	300	300	300	300	300	299.993	299.905	298.712	283.159	216.827	201.289	200.096	200.007	200.001	200	200	200	200	
209	300	300	300	300	300	299.993	299.905	298.712	283.159	216.827	201.289	200.096	200.007	200.001	200	200	200	200	
210	300	300	300	300	300	299.993	299.905	298.712	283.159	216.827	201.289	200.096	200.007	200.001	200	200	200	200	
211	300	300	300	300	300	299.993	299.905	298.712	283.159	216.827	201.289	200.096	200.007	200.001	200	200	200	200	
212	300	300	300	300	300	299.993	299.905	298.712	283.159	216.827	201.289	200.096	200.007	200.001	200	200	200	200	
213	300	300	300	300	300	299.993	299.905	298.712	283.159	216.827	201.289	200.096	200.007	200.001	200	200	200	200	
214	300	300	300	300	300	299.993	299.905	298.712	283.159	216.827	201.289	200.096	200.007	200.001	200	200	200	200	
215	300	300	300	300	300	299.993	299.905	298.712	283.159	216.827	201.289	200.096	200.007	200.001	200	200	200	200	
216	300	300	300	300	300	299.993	299.905	298.712	283.159	216.827	201.289	200.096	200.007	200.001	200	200	200	200	
217	300	300	300	300	300	299.993	299.905	298.712	283.159	216.827	201.289	200.096	200.007	200.001	200	200	200	200	
218	300	300	300	300	300	299.993	299.905	298.712	283.159	216.827	201.289	200.096	200.007	200.001	200	200	200	200	
219	300	300	300	300	300	299.993	299.905	298.712	283.159	216.827	201.289	200.096	200.007	200.001	200	200	200	200	
220	300	300	300	300	300	299.993	299.905	298.712	283.159	216.827	201.289	200.096	200.007	200.001	200	200	200	200	
221	300	300	300	300	300	299.993	299.905	298.712	283.159	216.827	201.289	200.096	200.007	200.001	200	200	200	200	
222	300	300	300	300	300	299.993	299.905	298.712	283.159	216.827	201.289	200.096	200.007	200.001	200	200	200	200	
223	300	300	300	300	300	299.993	299.905	298.712	283.159	216.827	201.289	200.096	200.007	200.001	200	200	200	200	
224	300	300	300	300	300	299.993	299.905	298.712	283.159	216.827	201.289	200.096	200.007	200.001	200	200	200	200	
225	300	300	300	300	300	299.993	299.905	298.712	283.159	216.827	201.289	200.096	200.007	200.001	200	200	200	200	
226	300	300	300	300	300	299.993	299.905	298.712	283.159	216.827	201.289	200.096	200.007	200.001	200	200	200	200	
227	300	300	300	300	300	299.993	299.905	298.712	283.159	216.827	201.289	200.096	200.007	200.001	200	200	200	200	
228	300	300	300	300	300	299.993	299.905	298.712	283.159	216.827	201.289	200.096	200.007	200.001	200	200	200	200	
229	300	300	300	300	300	299.993	299.905	298.712	283.159	216.827	201.289	200.096	200.007	200.001	200	200	200	200	
230	300	300	300	300	300	299.993	299.905	298.712	283.159	216.827	201.289	200.096	200.007	200.001	200	200	200	200	
231	300	300	300	300	300	299.993	299.905	298.712	283.159	216.827	201.289	200.096	200.007	200.001	200	200	200	200	
232	300	300	300	300	300	299.993	299.905	298.712	283.159	216.827	201.289	200.096	200.007	200.001	200	200	200	200	
233	300	300	300	300	300	299.993	299.905	298.712	283.159	216.827	201.289	200.096	200.007	200.001	200	200	200	200	
234	300	300	300	300	300	299.993	299.905	298.712	283.159	216.827	201.289	200.096	200.007	200.001	200	200	200	200	
235	300	300	300	300	300	299.993	299.905	298.712	283.159	216.827	201.289	200.096	200.007	200.001	200	200	200	200	
236	300	300	300	300	300	299.993	299.905	298.712	283.159	216.827	201.289	200.096	200.007	200.001	200	200	200	200	
237	300	300	300	300	300	299.993	299.905	298.712	283.159	216.827	201.289	200.096	200.007	200.001	200	200	200	200	
238	300	300	300	300	300	299.993	299.905	298.712	283.159	216.827	201.289	200.096	200.007	200.001	200	200	200	200	
239	300	300	300	300	300	299.993	299.905	298.712	283.159	216.827	201.289	200.096	200.007	200.001	200	200	200	200	
240	300	300	300	300	300	299.993	299.905	298.712	283.159	216.827	201.289	200.096	200.007	200.001	200	200	200	200	
241	300	300	300	300	300	299.993	299.905	298.712	283.159	216.827	201.289	200.096	200.007	200.001	200	200	200	200	
242	300	300	300	300	300	299.993	299.905	298.712	283.159	216.827	201.289	200.096	200.007	200.001	200	200	200	200	
243	300	300	300	300	300	299.993	299.905	298.712	283.159	216.827	201.289	200.096	200.007	200.001	200	200	200	200	
244	300	300	300	300	300	299.993	299.905	298.712	283.159	216.827	201.289	200.096	200.007	200.001	200	200	200	200	
245	300	300	300	300	300	299.993	299.905	298.712	283.159	216.827	201.289	200.096	200.007	200.001	200	200	200	200	
246	300	300	300	300	300	299.993	299.905	298.712	283.159	216.827	201.289	200.096	200.007	200.001	200	200	200	200	
247	300	300	300	300	300	299.993	299.905	298.712	283.159	216.827	201.289	200.096	200.007	200.001	200	200	200	200	
248	300	300	300	300	300	299.993	299.905	298.712	283.159	216.827	201.289	200.096	200.007	200.001	200	200	200	200	
249	300	300	300	300	300	299.993	299.905	298.712	283.159	216.827	201.289	200.096	200.007	200.001	200	200	200	200	
250	300	300	300	300	300	299.993	299.905	298.712	283.159	216.827	201.289	200.096	200.007	200.001	200	200	200	200	
251	300	300	300	300	300	299.993	299.905	298.712	283.159	216.827	201.289	200.096	200.007	200.001	200	200	200	200	
252	300	300	300	300	300	299.993	299.905	298.712	283.159	216.827	201.289	200.096	200.007	200.001	200	200	200	200	
253	300	300	300	300	300	299.993	299.905	298.712	283.159	216.827	201.289	200.096	200.007	200.001	200	200	200	200	
254	300	300	300	300	300	299.993	299.905	298.712	283.159	216.827	201.289	200.096	200.007	200.001	200	200	200	200	
255	300	300	300	300	300	299.993	299.905	298.712	283.159	216.827	201.289	200.096	200.007	200.001	200	200	200	200	
256	300	300	300	300	300	299.993	299.905	298.712	283.159	216.827	201.289	200.096	200.007	200.001	200	200	200	200	
257	300	300	300	300	300	299.993	299.905	298.712	283.159	216.827	201.289	200.096	200.007	200.001	200	200	200	200	
258	300	300	300	300	300	299.993	299.905	298.712	283.159	216.827	201.289	200.096	200.007	200.001	200	200	200	200	
259	300	300	300	300	300	299.993	299.905	298.712	283.159	216.827	201.289	200.096	200.007	200.001	200	200	200	200	
260	300	300	300	300	300	299.993	299.905	298.712	283.159	216.827	201.289	200.096	200.007	200.001	200	200	200	200	
261	300	300	300	300	300	299.993	299.905	298.712	283.159	216.827	201.289	200.096	200.007	200.001	200	200	200	200	
262	300	300	300	300	300	299.993	299.905	298.712	283.159	216.827	201.289	200.096	200.007	200.001	200	200	200	200	
263	300	300	300	300	300	299.993	299.905	298.712	283.159	216.827	201.289	200.096	200.007	200.001	200	200	200	200	
264	300	300	300	300	300	299.993	299.905	298.712	283.159	216.827	201.289	200.096	200.007	200.001	200	200	200	200	
265	300	300	300	300	300	299.993	299.905	298.712	283.159	216.827	201.289	200.096	200.007	200.001	200	200	200	200	
266	300	300	300	300	300	299.993	299.905	298.712	283.159	216.827	201.289	200.096	200.007	200.001	200	200	200	200	
267	300	300	300	300	300	299.993	299.905	298.712	283.159	216.827	201.289	200.096	200.007	200.001	200	200	200	200	
268	300	300	300	300	300	299.993	299.905	298.712	283.159	216.827	201.289	200.096	200.007	200.001	200	200	200	200	
269	300	300	300	300	300	299.993	299.905	298.712	283.159	216.827	201.289	200.096	200.007	200.001	200	200	200	200	
270	300	300	300	300	300	299.993	299.905	298.712	283.159	216.811	201.273	200.08	199.991	199.985	199.984	199.984	199.984	199.984	
271	300	300	300	300	300	299.993	299.905	298.712	283.158	216.764	201.225	200.032	199.944	199.937	199.937	199.937	199.936	199.936	
272	300	300	300	300	300	299.993	299.905	298.712	283.155	216.672	201.13	199.937	199.848	199.841	199.841	199.841	199.841	199.841	
273	300	300	300	300	300	299.993	299.905	298.712	283.147	216.527	200.976	199.783	199.695	199.688	199.688	199.687	199.687	199.687	
274	300	300	300	300	300	299.993	299.905	298.712	283.133	216.325	200.761	199.568	199.479	199.473	199.472	199.472	199.472	199.472	
275	300	300	300	300	300	299.993	299.905	298.712	283.114	216.067	200.484	199.291	199.202	199.195	199.195	199.195	199.195	199.195	
276	300	300	300	300	300	299.993	299.905	298.712	283.087	215.757	200.147	198.954	198.865	198.859	198.858	198.858	198.858	198.858	
277	300	300	300	300	300	299.993	299.905	298.711	283.053	215.399	199.755	198.561	198.473	198.466	198.466	198.466	198.466	198.466	
278	300	300	300	300	300	299.993	299.905	298.711	283.011	214.996	199.311	198.117	198.028	198.022	198.021	198.021	198.021	198.021	
279	300	300	300	300	300	299.993	299.905	298.711	282.962	214.554	198.819	197.625	197.536	197.53	197.529	197.529	197.529	197.529	
280	300	300	300	300	300	299.993	299.905	298.71	282.905	214.074	198.284	197.089	197	196.994	196.993	196.993	196.993	196.993	
281	300	300	300	300	300	299.993	299.905	298.709	282.841	213.562	197.708	196.512	196.424	196.417	196.417	196.417	196.417	196.417	
282	300	300	300	300	300	299.993	299.905	298.708	282.77	213.02	197.096	195.9	195.811	195.804	195.804	195.804	195.804	195.804	
283	300	300	300	300	300	299.993	299.905	298.707	282.692	212.451	196.451	195.253	195.164	195.158	195.157	195.157	195.157	195.157	
284	300	300	300	300	300	299.993	299.905	298.706	282.608	211.858	195.775	194.576	194.487	194.481	194.48	194.48	194.48	194.48	
285	300	300	300	300	300	299.993	299.905	298.704	282.518	211.243	195.072	193.871	193.782	193.775	193.775	193.775	193.775	193.775	
286	300	300	300	300	300	299.993	299.905	298.702	282.423	210.608	194.343	193.14	193.051	193.045	193.044	193.044	193.044	193.044	
287	300	300	300	300	300	299.993	299.905	298.699	282.322	209.955	193.591	192.386	192.297	192.29	192.29	192.29	192.29	192.29	
288	300	300	300	300	300	299.993	299.905	298.696	282.216	209.285	192.819	191.61	191.521	191.515	191.514	191.514	191.514	191.514	
289	300	300	300	300	300	299.993	299.904	298.693	282.105	208.601	192.027	190.815	190.726	190.72	190.719	190.719	190.719	190.719	
290	300	300	300	300	300	299.993	299.904	298.69	281.99	207.903	191.218	190.002	189.914	189.907	189.906	189.906	189.906	189.906	
291	300	300	300	300	300	299.993	299.904	298.686	281.871	207.193	190.392	189.173	189.084	189.078	189.077	189.077	189.077	189.077	
292	300	300	300	300	300	299.993	299.904	298.681	281.748	206.472	189.553	188.329	188.241	188.234	188.233	188.233	188.233	188.233	
293	300	300	300	300	300	299.993	299.904	298.676	281.622	205.741	188.7	187.472	187.383	187.376	187.376	187.376	187.376	187.376	
294	300	300	300	300	300	299.993	299.904	298.671	281.492	205.001	187.835	186.602	186.513	186.507	186.506	186.506	186.506	186.506	
295	300	300	300	300	300	299.993	299.904	298.666	281.359	204.252	186.96	185.721	185.632	185.625	185.625	185.625	185.625	185.625	
296	300	300	300	300	300	299.993	299.904	298.66	281.224	203.496	186.074	184.83	184.741	184.734	184.733	184.733	184.733	184.733	
297	300	300	300	300	300	299.993	299.904	298.654	281.085	202.734	185.18	183.929	183.84	183.833	183.833	183.833	183.832	183.832	
298	300	300	300	300	300	299.993	299.903	298.647	280.945	201.965	184.277	183.02	182.93	182.923	182.923	182.923	182.923	182.923	
299	300	300	300	300	300	299.993	299.903	298.64	280.802	201.19	183.366	182.103	182.013	182.006	182.006	182.006	182.006	182.005	
300	300	300	300	300	300	299.993	299.903	298.633	280.657	200.41	182.449	181.178	181.088	181.082	181.081	181.081	181.081	181.081	
301	300	300	300	300	300	299.993	299.903	298.625	280.511	199.626	181.526	180.247	180.157	180.15	180.15	180.15	180.15	180.15	
302	300	300	300	300	300	299.993	299.903	298.617	280.362	198.837	180.597	179.311	179.22	179.213	179.213	179.213	179.213	179.213	
303	300	300	300	300	300	299.993	299.902	298.609	280.212	198.045	179.662	178.368	178.277	178.271	178.27	178.27	178.27	178.27	
304	300	300	300	300	300	299.993	299.902	298.6	280.061	197.249	178.723	177.421	177.33	177.323	177.323	177.323	177.323	177.323	
305	300	300	300	300	300	299.993	299.902	298.591	279.908	196.45	177.78	176.469	176.378	176.371	176.371	176.371	176.371	176.37	
306	300	300	300	300	300	299.993	299.901	298.582	279.754	195.648	176.833	175.513	175.422	175.415	175.414	175.414	175.414	175.414	
307	300	300	300	300	300	299.993	299.901	298.573	279.598	194.843	175.882	174.554	174.461	174.455	174.454	174.454	174.454	174.454	
308	300	300	300	300	300	299.993	299.9	298.564	279.442	194.036	174.928	173.591	173.498	173.491	173.491	173.491	173.491	173.491	
309	300	300	300	300	300	299.993	299.9	298.554	279.284	193.227	173.971	172.624	172.531	172.525	172.524	172.524	172.524	172.524	
310	300	300	300	300	300	299.993	299.9	298.544	279.126	192.415	173.011	171.655	171.562	171.555	171.555	171.555	171.554	171.554	
311	300	300	300	300	300	299.993	299.899	298.534	278.967	191.602	172.049	170.683	170.59	170.583	170.582	170.582	170.582	170.582	
312	300	300	300	300	300	299.993	299.899	298.523	278.807	190.788	171.085	169.709	169.615	169.608	169.608	169.608	169.608	169.607	
313	300	300	300	300	300	299.993	299.898	298.513	278.647	189.971	170.119	168.733	168.638	168.631	168.631	168.631	168.631	168.631	
314	300	300	300	300	300	299.993	299.898	298.502	278.485	189.154	169.15	167.755	167.659	167.652	167.652	167.652	167.652	167.652	
315	300	300	300	300	300	299.993	299.897	298.491	278.324	188.335	168.181	166.774	166.679	166.672	166.671	166.671	166.671	166.671	
316	300	300	300	300	300	299.993	299.896	298.48	278.161	187.515	167.209	165.793	165.696	165.689	165.689	165.689	165.689	165.689	
317	300	300	300	300	300	299.993	299.896	298.469	277.998	186.694	166.236	164.809	164.712	164.705	164.705	164.705	164.705	164.705	
318	300	300	300	300	300	299.993	299.895	298.458	277.835	185.872	165.262	163.825	163.727	163.72	163.72	163.72	163.72	163.72	
319	300	300	300	300	300	299.993	299.895	298.447	277.671	185.049	164.287	162.839	162.741	162.734	162.733	162.733	162.733	162.733	
320	300	300	300	300	300	299.993	299.894	298.435	277.507	184.225	163.311	161.852	161.753	161.746	161.745	161.745	161.745	161.745	
321	300	300	300	300	300	299.993	299.893	298.424	277.343	183.401	162.334	160.864	160.764	160.757	160.757	160.757	160.757	160.756	
322	300	300	300	300	300	299.993	299.893	298.412	277.178	182.576	161.355	159.874	159.774	159.767	159.767	159.767	159.767	159.767	
323	300	300	300	300	300	299.993	299.892	298.4	277.013	181.751	160.377	158.884	158.784	158.777	158.776	158.776	158.776	158.776	
324	300	300	300	300	300	299.993	299.891	298.388	276.848	180.924	159.397	157.894	157.792	157.785	157.785	157.785	157.785	157.784	
325	300	300	300	300	300	299.993	299.89	298.376	276.682	180.098	158.417	156.902	156.8	156.793	156.792	156.792	156.792	156.792	
326	300	300	300	300	300	299.993	299.89	298.364	276.516	179.271	157.436	155.91	155.807	155.8	155.8	155.8	155.799	155.799	
327	300	300	300	300	300	299.993	299.889	298.352	276.35	178.443	156.454	154.917	154.814	154.807	154.806	154.806	154.806	154.806	
328	300	300	300	300	300	299.993	299.888	298.34	276.184	177.616	155.472	153.924	153.82	153.812	153.812	153.812	153.812	153.812	
329	300	300	300	300	300	299.992	299.887	298.328	276.018	176.787	154.49	152.93	152.825	152.818	152.817	152.817	152.817	152.817	
330	299.881	299.881	299.881	299.881	299.881	299.873	299.768	298.197	275.73	175.961	153.507	151.936	151.83	151.823	151.822	151.822	151.822	151.822	
331	299.523	299.523	299.523	299.523	299.523	299.516	299.409	297.827	275.214	175.123	152.524	150.941	150.835	150.827	150.827	150.827	150.827	150.827	
332	298.806	298.806	298.806	298.806	298.805	298.798	298.691	297.097	274.358	174.267	151.54	149.946	149.839	149.831	149.831	149.831	149.831	149.831	
333	297.655	297.655	297.655	297.655	297.655	297.647	297.539	295.934	273.099	173.379	150.556	148.951	148.843	148.835	148.835	148.835	148.835	148.835	
334	296.04	296.04	296.04	296.04	296.04	296.032	295.923	294.307	271.417	172.45	149.572	147.955	147.846	147.839	147.838	147.838	147.838	147.838	
335	293.961	293.961	293.961	293.961	293.96	293.953	293.843	292.216	269.318	171.473	148.587	146.959	146.849	146.842	146.841	146.841	146.841	146.841	
336	291.436	291.436	291.436	291.436	291.435	291.428	291.317	289.679	266.827	170.442	147.601	145.963	145.852	145.845	145.844	145.844	145.844	145.844	
337	288.492	288.492	288.492	288.492	288.491	288.484	288.372	286.724	263.972	169.356	146.615	144.966	144.855	144.847	144.847	144.847	144.847	144.847	
338	285.158	285.159	285.159	285.159	285.158	285.151	285.039	283.38	260.784	168.213	145.628	143.969	143.857	143.85	143.849	143.849	143.849	143.849	
339	281.467	281.467	281.467	281.467	281.467	281.459	281.346	279.679	257.296	167.012	144.64	142.972	142.86	142.852	142.851	142.851	142.851	142.851	
340	277.447	277.447	277.447	277.447	277.446	277.439	277.325	275.651	253.534	165.756	143.65	141.975	141.862	141.854	141.853	141.853	141.853	141.853	
341	273.125	273.125	273.125	273.125	273.125	273.117	273.003	271.322	249.525	164.446	142.659	140.978	140.863	140.856	140.855	140.855	140.855	140.855	
342	268.528	268.528	268.528	268.528	268.528	268.52	268.405	266.72	245.292	163.083	141.666	139.98	139.865	139.857	139.857	139.857	139.857	139.857	
343	263.679	263.679	263.679	263.679	263.679	263.671	263.555	261.867	240.858	161.67	140.671	138.983	138.867	138.859	138.858	138.858	138.858	138.858	
344	258.6	258.6	258.6	258.6	258.6	258.592	258.475	256.787	236.242	160.209	139.674	137.985	137.868	137.86	137.86	137.86	137.86	137.86	
345	253.311	253.311	253.311	253.311	253.31	253.303	253.185	251.498	231.46	158.703	138.674	136.987	136.87	136.862	136.861	136.861	136.861	136.861	
346	247.83	247.83	247.83	247.83	247.829	247.821	247.703	246.02	226.528	157.155	137.672	135.989	135.871	135.863	135.862	135.862	135.862	135.862	
347	242.173	242.173	242.173	242.173	242.173	242.165	242.046	240.37	221.461	155.566	136.667	134.991	134.872	134.864	134.863	134.863	134.863	134.863	
348	236.357	236.357	236.357	236.357	236.356	236.348	236.229	234.562	216.272	153.94	135.659	133.992	133.873	133.865	133.864	133.864	133.864	133.864	
349	230.394	230.394	230.394	230.394	230.393	230.385	230.265	228.61	210.972	152.279	134.649	132.994	132.874	132.866	132.865	132.865	132.865	132.865	
350	224.416	224.417	224.417	224.417	224.416	224.408	224.287	222.647	205.691	150.584	133.635	131.995	131.875	131.866	131.866	131.866	131.866	131.866	
351	218.556	218.556	218.556	218.556	218.556	218.547	218.427	216.804	200.547	148.868	132.619	130.996	130.875	130.867	130.867	130.867	130.866	130.866	
352	212.944	212.944	212.944	212.944	212.944	212.935	212.814	211.212	195.662	147.142	131.6	129.997	129.876	129.868	129.867	129.867	129.867	129.867	
353	207.663	207.664	207.664	207.664	207.663	207.655	207.533	205.955	191.102	145.421	130.577	128.998	128.877	128.868	128.868	128.868	128.868	128.868	
354	202.754	202.755	202.755	202.755	202.754	202.746	202.624	201.071	186.898	143.717	129.552	127.999	127.877	127.869	127.868	127.868	127.868	127.868	
355	198.225	198.225	198.225	198.225	198.224	198.216	198.094	196.57	183.048	142.038	128.524	127	126.878	126.869	126.869	126.869	126.869	126.869	
356	194.064	194.064	194.064	194.064	194.063	194.055	193.933	192.44	179.535	140.391	127.494	126	125.879	125.87	125.869	125.869	125.869	125.869	
357	190.251	190.251	190.251	190.251	190.251	190.242	190.121	188.66	176.334	138.78	126.462	125	124.879	124.87	124.87	124.87	124.87	124.87	
358	186.763	186.763	186.763	186.763	186.762	186.754	186.633	185.206	173.418	137.207	125.427	124	123.879	123.871	123.87	123.87	123.87	123.87	
359	183.574	183.574	183.574	183.574	183.573	183.565	183.445	182.054	170.762	135.675	124.391	123	122.88	122.871	122.871	122.871	122.87	122.87	
360	180.66	180.66	180.66	180.66	180.659	180.651	180.532	179.178	168.34	134.183	123.353	121.999	121.88	121.871	121.871	121.871	121.871	121.871	
361	177.998	177.998	177.998	177.998	177.998	177.989	177.871	176.555	166.13	132.732	122.315	120.999	120.881	120.872	120.871	120.871	120.871	120.871	
362	175.567	175.567	175.567	175.567	175.567	175.558	175.441	174.164	164.112	131.319	121.275	119.998	119.881	119.872	119.871	119.871	119.871	119.871	
363	173.347	173.347	173.347	173.347	173.346	173.338	173.221	171.983	162.267	129.945	120.236	118.997	118.881	118.872	118.872	118.872	118.872	118.872	
364	171.319	171.319	171.32	171.319	171.319	171.31	171.195	169.995	160.578	128.606	119.196	117.996	117.881	117.873	117.872	117.872	117.872	117.872	
365	169.468	169.468	169.468	169.468	169.467	169.459	169.345	168.184	159.03	127.303	118.157	116.995	116.882	116.873	116.872	116.872	116.872	116.872	
366	167.777	167.777	167.777	167.777	167.777	167.768	167.656	166.532	157.609	126.033	117.118	115.994	115.882	115.873	115.872	115.872	115.872	115.872	
367	166.233	166.233	166.233	166.233	166.233	166.224	166.114	165.026	156.305	124.794	116.08	114.992	114.882	114.873	114.872	114.872	114.872	114.872	
368	164.823	164.823	164.824	164.823	164.823	164.814	164.706	163.654	155.105	123.584	115.043	113.99	113.882	113.873	113.873	113.873	113.873	113.872	
369	163.536	163.536	163.536	163.536	163.535	163.527	163.42	162.402	153.999	122.403	114.007	112.988	112.882	112.873	112.873	112.873	112.873	112.873	
370	162.36	162.36	162.361	162.36	162.36	162.351	162.247	161.261	152.979	121.263	112.988	112.002	111.898	111.889	111.889	111.889	111.889	111.889	
371	161.287	161.287	161.287	161.287	161.286	161.278	161.176	160.221	152.039	120.178	112.003	111.048	110.946	110.937	110.937	110.937	110.937	110.936	
372	160.307	160.307	160.307	160.307	160.306	160.298	160.198	159.273	151.171	119.161	111.067	110.142	110.042	110.033	110.032	110.032	110.032	110.032	
373	159.411	159.412	159.412	159.412	159.411	159.402	159.305	158.408	150.371	118.219	110.19	109.293	109.195	109.187	109.186	109.186	109.186	109.186	
374	158.594	158.594	158.594	158.594	158.594	158.585	158.49	157.619	149.635	117.353	109.377	108.506	108.41	108.402	108.401	108.401	108.401	108.401	
375	157.848	157.848	157.848	157.848	157.847	157.839	157.746	156.899	148.958	116.561	108.627	107.781	107.688	107.679	107.679	107.679	107.679	107.678	
376	157.166	157.166	157.166	157.166	157.166	157.157	157.066	156.243	148.336	115.838	107.939	107.115	107.024	107.016	107.015	107.015	107.015	107.015	
377	156.544	156.544	156.544	156.544	156.543	156.535	156.446	155.644	147.765	115.179	107.308	106.506	106.417	106.409	106.408	106.408	106.408	106.408	
378	155.975	155.976	155.976	155.976	155.975	155.967	155.88	155.098	147.241	114.58	106.731	105.948	105.861	105.853	105.852	105.852	105.852	105.852	
379	155.456	155.457	155.457	155.457	155.456	155.448	155.364	154.599	146.76	114.034	106.203	105.438	105.353	105.345	105.345	105.345	105.345	105.345	
380	154.983	154.983	154.983	154.983	154.982	154.974	154.892	154.144	146.32	113.537	105.72	104.972	104.889	104.881	104.881	104.881	104.881	104.881	
381	154.55	154.55	154.55	154.55	154.549	154.542	154.462	153.728	145.916	113.084	105.279	104.546	104.466	104.458	104.457	104.457	104.457	104.457	
382	154.155	154.155	154.155	154.155	154.154	154.147	154.069	153.349	145.546	112.672	104.876	104.156	104.078	104.071	104.07	104.07	104.07	104.07	
383	153.794	153.794	153.794	153.794	153.793	153.786	153.71	153.003	145.207	112.297	104.508	103.801	103.725	103.717	103.717	103.717	103.717	103.716	
384	153.464	153.464	153.465	153.464	153.464	153.456	153.383	152.687	144.897	111.955	104.172	103.476	103.402	103.394	103.394	103.394	103.394	103.394	
385	153.163	153.164	153.164	153.164	153.163	153.156	153.084	152.398	144.613	111.643	103.865	103.179	103.107	103.1	103.099	103.099	103.099	103.099	
386	152.889	152.889	152.889	152.889	152.888	152.881	152.811	152.135	144.353	111.359	103.584	102.908	102.838	102.831	102.83	102.83	102.83	102.83	
387	152.638	152.638	152.638	152.638	152.637	152.63	152.562	151.894	144.115	111.1	103.329	102.66	102.592	102.585	102.584	102.584	102.584	102.584	
388	152.409	152.409	152.409	152.409	152.408	152.401	152.335	151.674	143.897	110.864	103.095	102.434	102.367	102.36	102.36	102.36	102.36	102.36	
389	152.2	152.2	152.2	152.2	152.199	152.192	152.127	151.473	143.698	110.649	102.881	102.228	102.162	102.155	102.155	102.155	102.155	102.155	
390	152.008	152.009	152.009	152.009	152.008	152.002	151.938	151.29	143.516	110.453	102.686	102.039	101.975	101.968	101.968	101.968	101.968	101.968	
391	151.834	151.834	151.834	151.834	151.834	151.827	151.765	151.123	143.35	110.274	102.509	101.866	101.804	101.797	101.797	101.797	101.797	101.797	
392	151.675	151.675	151.675	151.675	151.674	151.668	151.607	150.97	143.197	110.111	102.346	101.709	101.648	101.641	101.641	101.641	101.641	101.641	
393	151.529	151.529	151.53	151.529	151.529	151.523	151.463	150.83	143.058	109.963	102.198	101.565	101.505	101.499	101.498	101.498	101.498	101.498	
394	151.396	151.397	151.397	151.397	151.396	151.39	151.331	150.703	142.931	109.827	102.063	101.433	101.375	101.369	101.368	101.368	101.368	101.368	
395	151.275	151.275	151.275	151.275	151.275	151.269	151.211	150.586	142.814	109.703	101.939	101.313	101.256	101.25	101.249	101.249	101.249	101.249	
396	151.164	151.165	151.165	151.165	151.164	151.158	151.102	150.48	142.708	109.591	101.826	101.204	101.147	101.141	101.141	101.141	101.141	101.141	
397	151.063	151.063	151.064	151.063	151.063	151.057	151.002	150.382	142.61	109.488	101.723	101.104	101.048	101.042	101.042	101.042	101.042	101.042	
398	150.971	150.971	150.971	150.971	150.971	150.965	150.91	150.294	142.522	109.394	101.629	101.012	100.957	100.952	100.951	100.951	100.951	100.951	
399	150.887	150.887	150.887	150.887	150.886	150.881	150.827	150.212	142.44	109.308	101.543	100.929	100.875	100.869	100.869	100.869	100.869	100.869	
400	150.81	150.81	150.81	150.81	150.809	150.804	150.751	150.138	142.366	109.23	101.465	100.852	100.799	100.794	100.793	100.793	100.793	100.793	
401	150.739	150.739	150.74	150.739	150.739	150.734	150.682	150.071	142.298	109.159	101.394	100.782	100.73	100.725	100.724	100.724	100.724	100.724	
402	150.675	150.675	150.675	150.675	150.675	150.67	150.618	150.009	142.236	109.094	101.328	100.719	100.667	100.662	100.662	100.661	100.661	100.661	
403	150.616	150.617	150.617	150.617	150.616	150.611	150.56	149.952	142.179	109.034	101.269	100.661	100.61	100.605	100.604	100.604	100.604	100.604	
404	150.563	150.563	150.563	150.563	150.563	150.558	150.507	149.901	142.128	108.98	101.214	100.607	100.557	100.552	100.552	100.552	100.552	100.551	
405	150.514	150.514	150.514	150.514	150.514	150.509	150.459	149.854	142.08	108.931	101.165	100.559	100.509	100.504	100.504	100.504	100.504	100.504	
406	150.469	150.47	150.47	150.47	150.469	150.464	150.415	149.81	142.037	108.886	101.119	100.515	100.465	100.46	100.46	100.46	100.46	100.46	
407	150.429	150.429	150.429	150.429	150.428	150.424	150.375	149.771	141.997	108.844	101.078	100.474	100.425	100.42	100.42	100.42	100.42	100.42	
408	150.391	150.392	150.392	150.392	150.391	150.387	150.338	149.735	141.961	108.807	101.04	100.437	100.389	100.384	100.384	100.384	100.383	100.383	
409	150.357	150.358	150.358	150.358	150.357	150.353	150.305	149.702	141.928	108.773	101.006	100.403	100.355	100.351	100.35	100.35	100.35	100.35	
410	150.326	150.326	150.327	150.327	150.326	150.322	150.274	149.672	141.898	108.741	100.974	100.373	100.325	100.32	100.32	100.32	100.32	100.32	
411	150.298	150.298	150.298	150.298	150.298	150.294	150.246	149.645	141.871	108.713	100.946	100.344	100.297	100.293	100.292	100.292	100.292	100.292	
412	150.272	150.272	150.272	150.272	150.272	150.268	150.22	149.62	141.845	108.687	100.919	100.319	100.271	100.267	100.267	100.267	100.267	100.267	
413	150.248	150.249	150.249	150.249	150.248	150.244	150.197	149.597	141.822	108.663	100.895	100.295	100.248	100.244	100.244	100.244	100.244	100.243	
414	150.227	150.227	150.227	150.227	150.227	150.223	150.176	149.576	141.801	108.641	100.874	100.274	100.227	100.223	100.222	100.222	100.222	100.222	
415	150.207	150.207	150.207	150.207	150.207	150.203	150.156	149.557	141.782	108.621	100.854	100.254	100.208	100.204	100.203	100.203	100.203	100.203	
416	150.189	150.189	150.189	150.189	150.189	150.185	150.139	149.54	141.765	108.603	100.835	100.236	100.19	100.186	100.186	100.186	100.185	100.185	
417	150.173	150.173	150.173	150.173	150.173	150.169	150.123	149.524	141.749	108.587	100.819	100.22	100.174	100.17	100.169	100.169	100.169	100.169	
418	150.158	150.158	150.158	150.158	150.158	150.154	150.108	149.509	141.734	108.572	100.804	100.205	100.159	100.155	100.155	100.155	100.155	100.155	
419	150.144	150.144	150.144	150.144	150.144	150.14	150.094	149.496	141.721	108.558	100.79	100.191	100.146	100.142	100.141	100.141	100.141	100.141	
420	150.132	150.132	150.132	150.132	150.131	150.128	150.082	149.484	141.708	108.545	100.777	100.179	100.133	100.129	100.129	100.129	100.129	100.129	
421	150.12	150.12	150.12	150.12	150.12	150.116	150.071	149.473	141.697	108.534	100.766	100.168	100.122	100.118	100.118	100.118	100.118	100.118	
422	150.11	150.11	150.11	150.11	150.109	150.106	150.06	149.463	141.687	108.523	100.755	100.157	100.112	100.108	100.108	100.108	100.108	100.107	
423	150.1	150.1	150.1	150.1	150.1	150.096	150.051	149.453	141.678	108.514	100.745	100.148	100.102	100.099	100.098	100.098	100.098	100.098	
424	150.091	150.092	150.092	150.092	150.091	150.088	150.042	149.445	141.669	108.505	100.737	100.139	100.094	100.09	100.09	100.09	100.09	100.09	
425	150.084	150.084	150.084	150.084	150.083	150.08	150.035	149.437	141.661	108.497	100.729	100.131	100.086	100.082	100.082	100.082	100.082	100.082	
426	150.076	150.076	150.076	150.076	150.076	150.073	150.027	149.43	141.654	108.49	100.721	100.124	100.079	100.075	100.075	100.075	100.075	100.075	
427	150.07	150.07	150.07	150.07	150.069	150.066	150.021	149.424	141.648	108.483	100.715	100.117	100.072	100.069	100.068	100.068	100.068	100.068	
428	150.064	150.064	150.064	150.064	150.063	150.06	150.015	149.418	141.642	108.477	100.709	100.111	100.066	100.063	100.062	100.062	100.062	100.062	
429	150.058	150.058	150.058	150.058	150.058	150.054	150.01	149.413	141.637	108.472	100.703	100.106	100.061	100.057	100.057	100.057	100.057	100.057	
430	150.053	150.053	150.053	150.053	150.053	150.049	150.005	149.408	141.632	108.467	100.698	100.101	100.056	100.052	100.052	100.052	100.052	100.052	
431	150.048	150.049	150.049	150.049	150.048	150.045	150	149.403	141.627	108.462	100.693	100.096	100.051	100.048	100.048	100.048	100.047	100.047	
432	150.044	150.044	150.044	150.044	150.044	150.041	149.996	149.399	141.623	108.458	100.689	100.092	100.047	100.044	100.043	100.043	100.043	100.043	
433	150.04	150.04	150.041	150.041	150.04	150.037	149.992	149.395	141.619	108.454	100.685	100.088	100.043	100.04	100.04	100.04	100.04	100.04	
434	150.037	150.037	150.037	150.037	150.037	150.033	149.989	149.392	141.616	108.45	100.682	100.085	100.04	100.037	100.036	100.036	100.036	100.036	
435	150.034	150.034	150.034	150.034	150.033	150.03	149.986	149.389	141.613	108.447	100.678	100.081	100.037	100.033	100.033	100.033	100.033	100.033	
436	150.031	150.031	150.031	150.031	150.031	150.027	149.983	149.386	141.61	108.444	100.675	100.079	100.034	100.031	100.03	100.03	100.03	100.03	
437	150.028	150.028	150.028	150.028	150.028	150.025	149.98	149.383	141.607	108.442	100.673	100.076	100.031	100.028	100.028	100.028	100.028	100.027	
438	150.026	150.026	150.026	150.026	150.025	150.022	149.978	149.381	141.605	108.439	100.67	100.073	100.029	100.026	100.025	100.025	100.025	100.025	
439	150.023	150.023	150.024	150.024	150.023	150.02	149.975	149.379	141.603	108.437	100.668	100.071	100.027	100.023	100.023	100.023	100.023	100.023	
440	150.021	150.021	150.022	150.022	150.021	150.018	149.973	149.377	141.601	108.435	100.666	100.069	100.025	100.021	100.021	100.021	100.021	100.021	
441	150.02	150.02	150.02	150.02	150.019	150.016	149.972	149.375	141.599	108.433	100.664	100.067	100.023	100.02	100.019	100.019	100.019	100.019	
442	150.018	150.018	150.018	150.018	150.018	150.014	149.97	149.373	141.597	108.431	100.662	100.066	100.021	100.018	100.018	100.018	100.018	100.017	
443	150.016	150.016	150.016	150.016	150.016	150.013	149.968	149.372	141.596	108.43	100.661	100.064	100.02	100.016	100.016	100.016	100.016	100.016	
444	150.015	150.015	150.015	150.015	150.015	150.011	149.967	149.37	141.594	108.428	100.659	100.063	100.018	100.015	100.015	100.015	100.015	100.015	
445	150.014	150.014	150.014	150.014	150.013	150.01	149.966	149.369	141.593	108.427	100.658	100.061	100.017	100.014	100.013	100.013	100.013	100.013	
446	150.012	150.012	150.013	150.013	150.012	150.009	149.965	149.368	141.592	108.426	100.657	100.06	100.016	100.013	100.012	100.012	100.012	100.012	
447	150.011	150.011	150.011	150.011	150.011	150.008	149.964	149.367	141.591	108.425	100.656	100.059	100.015	100.011	100.011	100.011	100.011	100.011	
448	150.01	150.01	150.011	150.01	150.01	150.007	149.963	149.366	141.59	108.424	100.655	100.058	100.014	100.01	100.01	100.01	100.01	100.01	
449	150.009	150.01	150.01	150.01	150.009	150.006	149.962	149.365	141.589	108.423	100.654	100.057	100.013	100.01	100.009	100.009	100.009	100.009	
450	150.009	150.009	150.009	150.009	150.008	150.005	149.961	149.364	141.588	108.422	100.653	100.057	100.012	100.009	100.009	100.009	100.008	100.008	
451	150.008	150.008	150.008	150.008	150.008	150.004	149.96	149.364	141.587	108.421	100.652	100.056	100.011	100.008	100.008	100.008	100.008	100.008	
452	150.007	150.007	150.007	150.007	150.007	150.004	149.959	149.363	141.587	108.421	100.652	100.055	100.011	100.007	100.007	100.007	100.007	100.007	
453	150.007	150.007	150.007	150.007	150.006	150.003	149.959	149.362	141.586	108.42	100.651	100.054	100.01	100.007	100.007	100.007	100.006	100.006	
454	150.006	150.006	150.006	150.006	150.006	150.003	149.958	149.362	141.586	108.42	100.651	100.054	100.01	100.006	100.006	100.006	100.006	100.006	
455	150.005	150.006	150.006	150.006	150.005	150.002	149.958	149.361	141.585	108.419	100.65	100.053	100.009	100.006	100.005	100.005	100.005	100.005	
456	150.005	150.005	150.005	150.005	150.005	150.002	149.957	149.361	141.585	108.419	100.65	100.053	100.009	100.005	100.005	100.005	100.005	100.005	
457	150.005	150.005	150.005	150.005	150.004	150.001	149.957	149.36	141.584	108.418	100.649	100.052	100.008	100.005	100.005	100.005	100.005	100.004	
458	150.004	150.004	150.004	150.004	150.004	150.001	149.956	149.36	141.584	108.418	100.649	100.052	100.008	100.004	100.004	100.004	100.004	100.004	
459	150.004	150.004	150.004	150.004	150.004	150	149.956	149.36	141.583	108.417	100.648	100.052	100.007	100.004	100.004	100.004	100.004	100.004	
460	150.003	150.004	150.004	150.004	150.003	150	149.956	149.359	141.583	108.417	100.648	100.051	100.007	100.004	100.004	100.004	100.003	100.003	
461	150.003	150.003	150.003	150.003	150.003	150	149.956	149.359	141.583	108.417	100.648	100.051	100.007	100.003	100.003	100.003	100.003	100.003	
462	150.003	150.003	150.003	150.003	150.003	150	149.955	149.359	141.582	108.416	100.647	100.051	100.007	100.003	100.003	100.003	100.003	100.003	
463	150.003	150.003	150.003	150.003	150.003	149.999	149.955	149.359	141.582	108.416	100.647	100.051	100.006	100.003	100.003	100.003	100.003	100.003	
464	150.002	150.002	150.003	150.003	150.002	149.999	149.955	149.358	141.582	108.416	100.647	100.05	100.006	100.003	100.002	100.002	100.002	100.002	
465	150.002	150.002	150.002	150.002	150.002	149.999	149.955	149.358	141.582	108.416	100.647	100.05	100.006	100.003	100.002	100.002	100.002	100.002	
466	150.002	150.002	150.002	150.002	150.002	149.999	149.954	149.358	141.582	108.416	100.647	100.05	100.006	100.002	100.002	100.002	100.002	100.002	
467	150.002	150.002	150.002	150.002	150.002	149.999	149.954	149.358	141.581	108.415	100.646	100.05	100.005	100.002	100.002	100.002	100.002	100.002	
468	150.002	150.002	150.002	150.002	150.002	149.998	149.954	149.358	141.581	108.415	100.646	100.05	100.005	100.002	100.002	100.002	100.002	100.002	
469	150.002	150.002	150.002	150.002	150.001	149.998	149.954	149.357	141.581	108.415	100.646	100.049	100.005	100.002	100.002	100.002	100.002	100.001	
470	150.001	150.001	150.002	150.002	150.001	149.998	149.954	149.357	141.581	108.415	100.646	100.049	100.005	100.002	100.001	100.001	100.001	100.001	
471	150.001	150.001	150.001	150.001	150.001	149.998	149.954	149.357	141.581	108.415	100.646	100.049	100.005	100.002	100.001	100.001	100.001	100.001	
472	150.001	150.001	150.001	150.001	150.001	149.998	149.954	149.357	141.581	108.415	100.646	100.049	100.005	100.001	100.001	100.001	100.001	100.001	
473	150.001	150.001	150.001	150.001	150.001	149.998	149.953	149.357	141.581	108.415	100.646	100.049	100.005	100.001	100.001	100.001	100.001	100.001	
474	150.001	150.001	150.001	150.001	150.001	149.998	149.953	149.357	141.581	108.415	100.646	100.049	100.005	100.001	100.001	100.001	100.001	100.001	
475	150.001	150.001	150.001	150.001	150.001	149.998	149.953	149.357	141.581	108.414	100.646	100.049	100.005	100.001	100.001	100.001	100.001	100.001	
476	150.001	150.001	150.001	150.001	150.001	149.998	149.953	149.357	141.58	108.414	100.645	100.049	100.004	100.001	100.001	100.001	100.001	100.001	
477	150.001	150.001	150.001	150.001	150.001	149.997	149.953	149.357	141.58	108.414	100.645	100.049	100.004	100.001	100.001	100.001	100.001	100.001	
478	150.001	150.001	150.001	150.001	150.001	149.997	149.953	149.357	141.58	108.414	100.645	100.049	100.004	100.001	100.001	100.001	100.001	100.001	
479	150.001	150.001	150.001	150.001	150.001	149.997	149.953	149.357	141.58	108.414	100.645	100.049	100.004	100.001	100.001	100.001	100.001	100.001	
480	150.001	150.001	150.001	150.001	150	149.997	149.953	149.357	141.58	108.414	100.645	100.049	100.004	100.001	100.001	100.001	100.001	100.001	
481	150	150.001	150.001	150.001	150	149.997	149.953	149.356	141.58	108.414	100.645	100.048	100.004	100.001	100.001	100.001	100.001	100	
482	150	150	150.001	150.001	150	149.997	149.953	149.356	141.58	108.414	100.645	100.048	100.004	100.001	100.001	100.001	100	100	
483	150	150	150.001	150.001	150	149.997	149.953	149.356	141.58	108.414	100.645	100.048	100.004	100.001	100.001	100.001	100	100	
484	150	150	150.001	150.001	150	149.997	149.953	149.356	141.58	108.414	100.645	100.048	100.004	100.001	100	100	100	100	
485	150	150	150.001	150.001	150	149.997	149.953	149.356	141.58	108.414	100.645	100.048	100.004	100.001	100	100	100	100	
486	150	150	150.001	150	150	149.997	149.953	149.356	141.58	108.414	100.645	100.048	100.004	100.001	100	100	100	100	
487	150	150	150.001	150	150	149.997	149.953	149.356	141.58	108.414	100.645	100.048	100.004	100.001	100	100	100	100	
488	150	150	150	150	150	149.997	149.953	149.356	141.58	108.414	100.645	100.048	100.004	100.001	100	100	100	100	
489	150	150	150	150	150	149.997	149.953	149.356	141.58	108.414	100.645	100.048	100.004	100.001	100	100	100	100	
490	150	150	150	150	150	149.997	149.953	149.356	141.58	108.414	100.645	100.048	100.004	100.001	100	100	100	100	
491	150	150	150	150	150	149.997	149.953	149.356	141.58	108.414	100.645	100.048	100.004	100.001	100	100	100	100	
492	150	150	150	150	150	149.997	149.953	149.356	141.58	108.414	100.645	100.048	100.004	100.001	100	100	100	100	
493	150	150	150	150	150	149.997	149.952	149.356	141.58	108.414	100.645	100.048	100.004	100	100	100	100	100	
494	150	150	150	150	150	149.997	149.952	149.356	141.58	108.414	100.645	100.048	100.004	100	100	100	100	100	
495	150	150	150	150	150	149.997	149.952	149.356	141.58	108.414	100.645	100.048	100.004	100	100	100	100	100	
496	150	150	150	150	150	149.997	149.952	149.356	141.58	108.414	100.645	100.048	100.004	100	100	100	100	100	
497	150	150	150	150	150	149.997	149.952	149.356	141.58	108.414	100.645	100.048	100.004	100	100	100	100	100	
498	150	150	150	150	150	149.997	149.952	149.356	141.58	108.414	100.645	100.048	100.004	100	100	100	100	100	
499	150	150	150	150	150	149.997	149.952	149.356	141.58	108.414	100.645	100.048	100.004	100	100	100	100	100	
500	150	150	150	150	150	149.997	149.952	149.356	141.58	108.414	100.645	100.048	100.004	100	100	100	100	100	
