0	0	0	0	0	0	0	0	0	0	0	0	0	0	0	0	0	0
10.3368413	10.3368413	10.3368413	10.3368413	10.3368413	10.3368413	10.3368413	10.3368412	10.3365649	2.74E-04	1.06E-07	1.00E-10	1.58E-13	2.74E-16	4.85E-19	8.59E-22	1.52E-24	2.70E-27
20.6778392	20.6778392	20.6778392	20.6778392	20.6778392	20.6778392	20.6778392	20.6778391	20.6773467	4.88E-04	1.24E-07	1.30E-10	2.13E-13	3.49E-16	5.61E-19	8.88E-22	1.39E-24	2.12E-27
31.019689	31.019689	31.019689	31.019689	31.019689	31.019689	31.019689	31.0196889	31.0189518	7.31E-04	1.80E-07	1.94E-10	3.01E-13	4.78E-16	7.64E-19	1.22E-21	1.96E-24	3.16E-27
41.3620265	41.3620265	41.3620265	41.3620265	41.3620265	41.3620265	41.3620265	41.3620262	41.3610207	9.98E-04	2.56E-07	2.61E-10	3.83E-13	6.00E-16	9.51E-19	1.51E-21	2.40E-24	3.80E-27
51.7046905	51.7046905	51.7046905	51.7046905	51.7046905	51.7046905	51.7046905	51.7046902	51.7033936	1.29E-03	3.74E-07	3.63E-10	4.88E-13	7.32E-16	1.14E-18	1.80E-21	2.84E-24	4.49E-27
62.0475979	62.0475979	62.0475979	62.0475979	62.0475979	62.0475979	62.0475979	62.0475973	62.045988	1.60E-03	5.69E-07	5.57E-10	6.56E-13	8.97E-16	1.35E-18	2.09E-21	3.29E-24	5.17E-27
72.3907004	72.3907004	72.3907004	72.3907004	72.3907004	72.3907004	72.3907004	72.3906995	72.3887562	1.93E-03	8.87E-07	9.51E-10	1.00E-12	1.17E-15	1.61E-18	2.41E-21	3.74E-24	5.86E-27
82.7339674	82.7339674	82.7339674	82.7339674	82.7339674	82.7339674	82.7339674	82.733966	82.7316679	2.28E-03	1.39E-06	1.75E-09	1.80E-12	1.79E-15	2.07E-18	2.83E-21	4.24E-24	6.57E-27
93.0773776	93.0773776	93.0773776	93.0773776	93.0773776	93.0773776	93.0773776	93.0773755	93.0747023	2.66E-03	2.14E-06	3.27E-09	3.61E-12	3.34E-15	3.17E-18	3.61E-21	4.91E-24	7.35E-27
103.420915	103.420915	103.420915	103.420915	103.420915	103.420915	103.420915	103.420912	103.417844	3.05E-03	3.21E-06	6.03E-09	7.57E-12	7.21E-15	6.12E-18	5.57E-21	6.23E-24	8.44E-27
113.764566	113.764566	113.764566	113.764566	113.764566	113.764566	113.764566	113.764562	113.76108	3.46E-03	4.69E-06	1.08E-08	1.57E-11	1.64E-14	1.40E-17	1.11E-20	9.74E-24	1.07E-26
124.108321	124.108321	124.108321	124.108321	124.108321	124.108321	124.108321	124.108314	124.104401	3.90E-03	6.66E-06	1.84E-08	3.15E-11	3.73E-14	3.42E-17	2.68E-20	2.02E-23	1.70E-26
134.45217	134.45217	134.45217	134.45217	134.45217	134.45217	134.45217	134.45216	134.447799	4.35E-03	9.20E-06	3.04E-08	6.04E-11	8.16E-14	8.31E-17	6.92E-20	5.08E-23	3.64E-26
144.796103	144.796103	144.796103	144.796103	144.796103	144.796103	144.796103	144.796091	144.791264	4.81E-03	1.24E-05	4.82E-08	1.11E-10	1.71E-13	1.95E-16	1.78E-19	1.37E-22	9.57E-26
155.140115	155.140115	155.140115	155.140115	155.140115	155.140115	155.140115	155.140099	155.134791	5.30E-03	1.63E-05	7.39E-08	1.96E-10	3.44E-13	4.39E-16	4.42E-19	3.70E-22	2.69E-25
165.484198	165.484198	165.484198	165.484198	165.484198	165.484198	165.484198	165.484177	165.478374	5.79E-03	2.10E-05	1.10E-07	3.34E-10	6.61E-13	9.46E-16	1.05E-18	9.63E-22	7.53E-25
175.828345	175.828345	175.828345	175.828345	175.828345	175.828345	175.828345	175.828318	175.822007	6.31E-03	2.65E-05	1.58E-07	5.48E-10	1.22E-12	1.96E-15	2.41E-18	2.41E-21	2.04E-24
186.172551	186.172551	186.172551	186.172551	186.172551	186.172551	186.172551	186.172518	186.165686	6.83E-03	3.29E-05	2.22E-07	8.70E-10	2.19E-12	3.89E-15	5.28E-18	5.77E-21	5.31E-24
196.516812	196.516812	196.516812	196.516812	196.516812	196.516812	196.516812	196.516771	196.509406	7.37E-03	4.03E-05	3.05E-07	1.34E-09	3.77E-12	7.45E-15	1.11E-17	1.33E-20	1.33E-23
206.861122	206.861122	206.861122	206.861122	206.861122	206.861122	206.861121	206.861073	206.853164	7.92E-03	4.86E-05	4.10E-07	2.02E-09	6.31E-12	1.38E-14	2.26E-17	2.95E-20	3.19E-23
217.205476	217.205476	217.205476	217.205476	217.205476	217.205476	217.205476	217.205418	217.196955	8.48E-03	5.78E-05	5.41E-07	2.96E-09	1.03E-11	2.48E-14	4.46E-17	6.33E-20	7.41E-23
227.549872	227.549872	227.549872	227.549872	227.549872	227.549872	227.549871	227.549804	227.540777	9.05E-03	6.81E-05	7.00E-07	4.24E-09	1.63E-11	4.32E-14	8.50E-17	1.31E-19	1.66E-22
237.894305	237.894305	237.894305	237.894305	237.894305	237.894305	237.894305	237.894226	237.884628	9.63E-03	7.93E-05	8.92E-07	5.95E-09	2.52E-11	7.32E-14	1.57E-16	2.64E-19	3.60E-22
248.238773	248.238773	248.238773	248.238773	248.238773	248.238773	248.238772	248.238681	248.228503	1.02E-02	9.16E-05	1.12E-06	8.19E-09	3.80E-11	1.21E-13	2.84E-16	5.15E-19	7.59E-22
258.583272	258.583272	258.583272	258.583272	258.583272	258.583272	258.58327	258.583167	258.572402	1.08E-02	1.05E-04	1.39E-06	1.11E-08	5.63E-11	1.96E-13	4.98E-16	9.78E-19	1.55E-21
268.927799	268.927799	268.927799	268.927799	268.927799	268.927799	268.927797	268.92768	268.916321	1.14E-02	1.19E-04	1.70E-06	1.47E-08	8.16E-11	3.09E-13	8.53E-16	1.81E-18	3.09E-21
279.272353	279.272353	279.272353	279.272353	279.272353	279.272353	279.272351	279.272218	279.260259	1.20E-02	1.34E-04	2.05E-06	1.93E-08	1.16E-10	4.78E-13	1.43E-15	3.27E-18	6.00E-21
289.61693	289.61693	289.61693	289.61693	289.61693	289.61693	289.616927	289.616779	289.604215	1.27E-02	1.50E-04	2.45E-06	2.49E-08	1.63E-10	7.26E-13	2.34E-15	5.78E-18	1.14E-20
299.961529	299.961529	299.961529	299.961529	299.961529	299.961529	299.961526	299.961361	299.948186	1.33E-02	1.67E-04	2.91E-06	3.18E-08	2.24E-10	1.08E-12	3.77E-15	9.98E-18	2.10E-20
299.969307	299.969307	299.969307	299.969307	299.969307	299.969307	299.969303	299.969121	299.955874	10.0056608	9.99246469	9.99228333	9.99227996	9.99227992	9.99227992	9.99227992	9.99227992	9.99227992
299.972946	299.972946	299.972946	299.972946	299.972946	299.972946	299.972942	299.972742	299.9593	20.0021741	19.9887814	19.9885819	19.988578	19.9885779	19.9885779	19.9885779	19.9885779	19.9885779
299.975749	299.975749	299.975749	299.975749	299.975749	299.975749	299.975745	299.975526	299.961942	29.9994592	29.9859222	29.985704	29.9856995	29.9856994	29.9856994	29.9856994	29.9856994	29.9856994
299.978081	299.978081	299.978081	299.978081	299.978081	299.978081	299.978075	299.977837	299.964153	39.9971733	39.9835353	39.9832976	39.9832924	39.9832923	39.9832923	39.9832923	39.9832923	39.9832923
299.980099	299.980099	299.980099	299.980099	299.980099	299.980099	299.980093	299.979835	299.966092	49.9951629	49.9814646	49.9812069	49.9812009	49.9812009	49.9812009	49.9812009	49.9812009	49.9812009
299.981887	299.981887	299.981887	299.981887	299.981887	299.981887	299.98188	299.981601	299.96784	59.9933485	59.9796298	59.9793514	59.9793447	59.9793446	59.9793446	59.9793446	59.9793446	59.9793446
299.983491	299.983491	299.983491	299.983491	299.983491	299.983491	299.983483	299.983183	299.969443	69.9916842	69.977984	69.9776847	69.9776772	69.9776771	69.9776771	69.9776771	69.9776771	69.9776771
299.984941	299.984941	299.984941	299.984941	299.984941	299.984941	299.984932	299.984611	299.970929	79.9901409	79.9764976	79.9761771	79.9761687	79.9761685	79.9761685	79.9761685	79.9761685	79.9761685
299.986258	299.986258	299.986258	299.986258	299.986258	299.986257	299.986248	299.985906	299.97232	89.9886987	89.9751497	89.9748079	89.9747986	89.9747984	89.9747984	89.9747984	89.9747984	89.9747984
299.987456	299.987456	299.987456	299.987456	299.987456	299.987456	299.987445	299.987082	299.973628	99.9873428	99.9739246	99.9735617	99.9735513	99.9735511	99.9735511	99.9735511	99.9735511	99.9735511
299.988548	299.988548	299.988548	299.988548	299.988548	299.988548	299.988536	299.988152	299.974866	109.986062	109.97281	109.972426	109.972414	109.972414	109.972414	109.972414	109.972414	109.972414
299.989544	299.989544	299.989544	299.989544	299.989544	299.989544	299.989531	299.989126	299.976043	119.984846	119.971794	119.97139	119.971377	119.971377	119.971377	119.971377	119.971377	119.971377
299.990453	299.990453	299.990453	299.990453	299.990453	299.990452	299.990439	299.990014	299.977165	129.983689	129.970868	129.970445	129.970431	129.970431	129.970431	129.970431	129.970431	129.970431
299.991283	299.991283	299.991283	299.991283	299.991283	299.991282	299.991267	299.990824	299.978239	139.982582	139.970025	139.969582	139.969567	139.969567	139.969567	139.969567	139.969567	139.969567
299.99204	299.99204	299.99204	299.99204	299.99204	299.99204	299.992024	299.991562	299.979271	149.98152	149.969255	149.968794	149.968778	149.968778	149.968778	149.968778	149.968778	149.968778
299.992732	299.992732	299.992732	299.992732	299.992732	299.992731	299.992714	299.992236	299.980266	159.980499	159.968553	159.968075	159.968058	159.968058	159.968058	159.968058	159.968058	159.968058
299.993363	299.993363	299.993363	299.993363	299.993363	299.993363	299.993344	299.992851	299.981227	169.979514	169.967912	169.967419	169.967401	169.9674	169.9674	169.9674	169.9674	169.9674
299.99394	299.99394	299.99394	299.99394	299.99394	299.993939	299.993919	299.993412	299.982158	179.97856	179.967327	179.96682	179.9668	179.9668	179.9668	179.9668	179.9668	179.9668
299.994466	299.994466	299.994466	299.994466	299.994466	299.994466	299.994444	299.993925	299.983063	189.977635	189.966792	189.966273	189.966252	189.966252	189.966252	189.966251	189.966251	189.966252
299.994947	299.994947	299.994947	299.994947	299.994947	299.994946	299.994924	299.994393	299.983945	199.976736	199.966304	199.965774	199.965752	199.965751	199.965751	199.965751	199.965751	199.965751
299.995386	299.995386	299.995386	299.995386	299.995386	299.995385	299.995361	299.994821	299.984538	199.983844	199.973578	199.973038	199.973015	199.973014	199.973014	199.973014	199.973014	199.973014
299.995787	299.995787	299.995787	299.995787	299.995787	299.995786	299.995761	299.995213	299.98517	199.986897	199.976871	199.976324	199.976299	199.976298	199.976298	199.976298	199.976298	199.976298
299.996153	299.996153	299.996153	299.996153	299.996153	299.996152	299.996126	299.995572	299.985758	199.989172	199.979376	199.978823	199.978797	199.978796	199.978796	199.978796	199.978796	199.978796
299.996487	299.996487	299.996487	299.996487	299.996487	299.996486	299.996459	299.9959	299.986308	199.991016	199.981441	199.980883	199.980856	199.980855	199.980855	199.980855	199.980855	199.980855
299.996792	299.996792	299.996792	299.996792	299.996792	299.996791	299.996762	299.996202	299.986823	199.99258	199.983219	199.982658	199.98263	199.982629	199.982629	199.982629	199.982629	199.982629
299.997071	299.997071	299.997071	299.997071	299.997071	299.99707	299.99704	299.996478	299.987304	199.993943	199.984787	199.984226	199.984196	199.984195	199.984195	199.984195	199.984195	199.984195
299.997325	299.997325	299.997325	299.997325	299.997325	299.997324	299.997293	299.996732	299.987754	199.995151	199.986191	199.985629	199.985598	199.985597	199.985597	199.985597	199.985597	199.985597
299.997558	299.997558	299.997558	299.997558	299.997558	299.997556	299.997525	299.996965	299.988174	199.99623	199.987457	199.986897	199.986865	199.986864	199.986864	199.986864	199.986864	199.986864
299.99777	299.99777	299.99777	299.99777	299.99777	299.997769	299.997736	299.997179	299.988565	199.9972	199.988604	199.988047	199.988014	199.988013	199.988013	199.988013	199.988013	199.988013
299.997964	299.997964	299.997964	299.997964	299.997964	299.997962	299.997928	299.997376	299.988929	199.998075	199.989646	199.989094	199.98906	199.989059	199.989058	199.989058	199.989058	199.989058
299.998141	299.998141	299.998141	299.998141	299.99814	299.998139	299.998104	299.997557	299.989268	199.998866	199.990594	199.990047	199.990013	199.990011	199.990011	199.990011	199.990011	199.990011
299.998302	299.998302	299.998302	299.998302	299.998302	299.9983	299.998265	299.997724	299.989582	199.999583	199.991458	199.990917	199.990882	199.99088	199.99088	199.99088	199.99088	199.99088
299.99845	299.99845	299.99845	299.99845	299.99845	299.998448	299.998412	299.997878	299.989873	200.000232	199.992245	199.991711	199.991675	199.991673	199.991673	199.991673	199.991673	199.991673
299.998584	299.998584	299.998584	299.998584	299.998584	299.998582	299.998546	299.998019	299.990142	200.000821	199.992961	199.992435	199.992398	199.992397	199.992397	199.992397	199.992397	199.992397
299.998707	299.998707	299.998707	299.998707	299.998707	299.998705	299.998669	299.99815	299.990392	200.001355	199.993615	199.993096	199.993059	199.993057	199.993057	199.993057	199.993057	199.993057
299.99882	299.99882	299.99882	299.99882	299.998819	299.998818	299.99878	299.99827	299.990622	200.00184	199.99421	199.9937	199.993663	199.993661	199.993661	199.993661	199.993661	199.993661
299.998922	299.998922	299.998922	299.998922	299.998922	299.99892	299.998883	299.998381	299.990835	200.002281	199.994752	199.994251	199.994213	199.994211	199.994211	199.994211	199.994211	199.994211
299.999016	299.999016	299.999016	299.999016	299.999016	299.999014	299.998976	299.998483	299.991031	200.002681	199.995246	199.994754	199.994716	199.994714	199.994714	199.994714	199.994714	199.994714
299.999101	299.999101	299.999101	299.999101	299.999101	299.999099	299.999061	299.998578	299.991212	200.003045	199.995697	199.995214	199.995176	199.995174	199.995173	199.995173	199.995173	199.995173
299.999179	299.999179	299.999179	299.999179	299.999179	299.999177	299.999139	299.998665	299.991379	200.003375	199.996107	199.995633	199.995595	199.995593	199.995593	199.995593	199.995593	199.995593
299.999251	299.999251	299.999251	299.999251	299.999251	299.999248	299.99921	299.998745	299.991533	200.003676	199.996481	199.996016	199.995978	199.995976	199.995976	199.995976	199.995976	199.995976
299.999316	299.999316	299.999316	299.999316	299.999316	299.999313	299.999275	299.998819	299.991674	200.003949	199.996821	199.996366	199.996328	199.996325	199.996325	199.996325	199.996325	199.996325
299.999375	299.999375	299.999375	299.999375	299.999375	299.999373	299.999335	299.998888	299.991804	200.004198	199.997132	199.996685	199.996647	199.996645	199.996645	199.996645	199.996645	199.996645
299.999429	299.999429	299.999429	299.999429	299.999429	299.999427	299.999389	299.998951	299.991924	200.004424	199.997415	199.996976	199.996939	199.996936	199.996936	199.996936	199.996936	199.996936
299.999479	299.999479	299.999479	299.999479	299.999479	299.999476	299.999439	299.999009	299.992034	200.00463	199.997672	199.997242	199.997205	199.997202	199.997202	199.997202	199.997202	199.997202
299.999524	299.999524	299.999524	299.999524	299.999524	299.999522	299.999485	299.999062	299.992135	200.004817	199.997907	199.997485	199.997448	199.997445	199.997445	199.997445	199.997445	199.997445
299.999566	299.999566	299.999566	299.999566	299.999565	299.999563	299.999526	299.999112	299.992228	200.004987	199.998121	199.997707	199.99767	199.997667	199.997667	199.997667	199.997667	199.997667
299.999603	299.999603	299.999603	299.999603	299.999603	299.999601	299.999564	299.999157	299.992313	200.005142	199.998316	199.997909	199.997873	199.99787	199.99787	199.99787	199.99787	199.99787
299.999638	299.999638	299.999638	299.999638	299.999638	299.999635	299.999599	299.999199	299.992392	200.005283	199.998493	199.998094	199.998058	199.998055	199.998055	199.998055	199.998055	199.998055
299.999669	299.999669	299.999669	299.999669	299.999669	299.999667	299.999631	299.999238	299.992463	200.005412	199.998655	199.998262	199.998227	199.998224	199.998224	199.998224	199.998224	199.998224
299.999698	299.999698	299.999698	299.999698	299.999698	299.999695	299.99966	299.999273	299.992529	200.005529	199.998803	199.998416	199.998381	199.998378	199.998378	199.998378	199.998378	199.998378
299.999724	299.999724	299.999724	299.999724	299.999724	299.999721	299.999687	299.999306	299.99259	200.005635	199.998937	199.998557	199.998522	199.998519	199.998519	199.998519	199.998519	199.998519
299.999748	299.999748	299.999748	299.999748	299.999748	299.999745	299.999711	299.999336	299.992646	200.005732	199.999059	199.998685	199.998651	199.998648	199.998648	199.998648	199.998648	199.998648
299.99977	299.99977	299.99977	299.99977	299.99977	299.999767	299.999733	299.999364	299.992697	200.005821	199.999171	199.998802	199.998768	199.998765	199.998765	199.998765	199.998765	199.998765
299.99979	299.99979	299.99979	299.99979	299.99979	299.999787	299.999754	299.99939	299.992743	200.005901	199.999272	199.998909	199.998875	199.998873	199.998872	199.998872	199.998872	199.998872
299.999808	299.999808	299.999808	299.999808	299.999808	299.999805	299.999773	299.999413	299.992786	200.005974	199.999365	199.999006	199.998973	199.998971	199.99897	199.99897	199.99897	199.99897
299.999825	299.999825	299.999825	299.999825	299.999825	299.999822	299.99979	299.999435	299.992826	200.006041	199.999449	199.999095	199.999063	199.99906	199.99906	199.99906	199.99906	199.99906
299.99984	299.99984	299.99984	299.99984	299.99984	299.999837	299.999805	299.999455	299.992862	200.006102	199.999526	199.999176	199.999144	199.999142	199.999142	199.999142	199.999142	199.999142
299.999854	299.999854	299.999854	299.999854	299.999854	299.999851	299.99982	299.999474	299.992895	200.006157	199.999596	199.99925	199.999219	199.999216	199.999216	199.999216	199.999216	199.999216
299.999867	299.999867	299.999867	299.999867	299.999867	299.999864	299.999833	299.999491	299.992925	200.006208	199.99966	199.999318	199.999287	199.999284	199.999284	199.999284	199.999284	199.999284
299.999878	299.999878	299.999878	299.999878	299.999878	299.999876	299.999845	299.999506	299.992953	200.006254	199.999718	199.99938	199.999349	199.999347	199.999346	199.999346	199.999346	199.999346
299.999889	299.999889	299.999889	299.999889	299.999889	299.999886	299.999856	299.999521	299.992978	200.006296	199.999771	199.999436	199.999406	199.999403	199.999403	199.999403	199.999403	199.999403
299.999899	299.999899	299.999899	299.999899	299.999898	299.999896	299.999866	299.999534	299.993001	200.006334	199.99982	199.999487	199.999458	199.999455	199.999455	199.999455	199.999455	199.999455
299.999907	299.999907	299.999907	299.999907	299.999907	299.999905	299.999875	299.999546	299.993023	200.006369	199.999864	199.999534	199.999505	199.999503	199.999502	199.999502	199.999502	199.999502
299.999915	299.999915	299.999915	299.999915	299.999915	299.999913	299.999884	299.999557	299.993042	200.006401	199.999904	199.999577	199.999548	199.999546	199.999546	199.999546	199.999546	199.999546
299.999923	299.999923	299.999923	299.999923	299.999923	299.99992	299.999892	299.999567	299.99306	200.00643	199.99994	199.999616	199.999588	199.999585	199.999585	199.999585	199.999585	199.999585
299.999929	299.999929	299.999929	299.999929	299.999929	299.999927	299.999899	299.999577	299.993077	200.006456	199.999974	199.999652	199.999624	199.999621	199.999621	199.999621	199.999621	199.999621
299.999936	299.999936	299.999936	299.999936	299.999935	299.999933	299.999905	299.999585	299.993092	200.00648	200.000004	199.999684	199.999657	199.999654	199.999654	199.999654	199.999654	199.999654
299.999941	299.999941	299.999941	299.999941	299.999941	299.999939	299.999911	299.999593	299.993105	200.006502	200.000032	199.999714	199.999687	199.999684	199.999684	199.999684	199.999684	199.999684
299.999946	299.999946	299.999946	299.999946	299.999946	299.999944	299.999917	299.999601	299.993118	200.006522	200.000057	199.999741	199.999714	199.999712	199.999712	199.999712	199.999712	199.999712
299.999951	299.999951	299.999951	299.999951	299.999951	299.999948	299.999922	299.999608	299.993129	200.00654	200.00008	199.999766	199.999739	199.999737	199.999737	199.999737	199.999737	199.999737
299.999955	299.999955	299.999955	299.999955	299.999955	299.999953	299.999926	299.999614	299.99314	200.006557	200.000101	199.999788	199.999762	199.99976	199.999759	199.999759	199.999759	199.999759
299.999959	299.999959	299.999959	299.999959	299.999959	299.999957	299.99993	299.999619	299.99315	200.006572	200.00012	199.999809	199.999783	199.999781	199.99978	199.99978	199.99978	199.99978
299.999963	299.999963	299.999963	299.999963	299.999962	299.99996	299.999934	299.999625	299.993158	200.006586	200.000137	199.999828	199.999802	199.9998	199.999799	199.999799	199.999799	199.999799
299.999966	299.999966	299.999966	299.999966	299.999966	299.999963	299.999938	299.999629	299.993166	200.006598	200.000153	199.999845	199.999819	199.999817	199.999817	199.999817	199.999817	199.999817
299.999969	299.999969	299.999969	299.999969	299.999969	299.999966	299.999941	299.999634	299.993174	200.00661	200.000168	199.999861	199.999835	199.999833	199.999833	199.999833	199.999833	199.999833
299.999972	299.999972	299.999972	299.999972	299.999971	299.999969	299.999944	299.999638	299.993181	200.00662	200.000181	199.999875	199.99985	199.999848	199.999847	199.999847	199.999847	199.999847
299.999974	299.999974	299.999974	299.999974	299.999974	299.999972	299.999947	299.999642	299.993187	200.00663	200.000193	199.999888	199.999863	199.999861	199.999861	199.999861	199.999861	199.999861
299.999976	299.999976	299.999976	299.999976	299.999976	299.999974	299.999949	299.999645	299.993192	200.006639	200.000204	199.9999	199.999875	199.999873	199.999873	199.999873	199.999873	199.999873
299.999978	299.999978	299.999978	299.999978	299.999978	299.999976	299.999952	299.999648	299.993198	200.006647	200.000214	199.999911	199.999886	199.999884	199.999884	199.999884	199.999884	199.999884
299.99998	299.99998	299.99998	299.99998	299.99998	299.999978	299.999954	299.999651	299.993202	200.006654	200.000223	199.99992	199.999896	199.999894	199.999894	199.999894	199.999894	199.999894
299.999982	299.999982	299.999982	299.999982	299.999982	299.99998	299.999956	299.999654	299.993207	200.00666	200.000231	199.999929	199.999905	199.999903	199.999903	199.999903	199.999903	199.999903
299.999984	299.999984	299.999984	299.999984	299.999983	299.999981	299.999957	299.999656	299.993211	200.006666	200.000239	199.999938	199.999914	199.999912	199.999912	199.999911	199.999911	199.999911
299.999985	299.999985	299.999985	299.999985	299.999985	299.999983	299.999959	299.999658	299.993214	200.006672	200.000246	199.999945	199.999921	199.999919	199.999919	199.999919	199.999919	199.999919
299.999986	299.999986	299.999986	299.999986	299.999986	299.999984	299.99996	299.99966	299.993218	200.006677	200.000252	199.999952	199.999928	199.999926	199.999926	199.999926	199.999926	199.999926
299.999987	299.999987	299.999987	299.999987	299.999987	299.999985	299.999962	299.999662	299.993221	200.006681	200.000258	199.999958	199.999935	199.999933	199.999933	199.999933	199.999933	199.999933
299.999989	299.999989	299.999989	299.999989	299.999988	299.999986	299.999963	299.999664	299.993223	200.006686	200.000263	199.999964	199.999941	199.999939	199.999938	199.999938	199.999938	199.999938
299.99999	299.99999	299.99999	299.99999	299.999989	299.999987	299.999964	299.999665	299.993226	200.006689	200.000268	199.999969	199.999946	199.999944	199.999944	199.999944	199.999944	199.999944
299.99999	299.99999	299.99999	299.99999	299.99999	299.999988	299.999965	299.999667	299.993228	200.006693	200.000272	199.999974	199.999951	199.999949	199.999949	199.999949	199.999949	199.999949
299.999991	299.999991	299.999991	299.999991	299.999991	299.999989	299.999966	299.999668	299.99323	200.006696	200.000276	199.999978	199.999955	199.999953	199.999953	199.999953	199.999953	199.999953
299.999992	299.999992	299.999992	299.999992	299.999992	299.99999	299.999967	299.999669	299.993232	200.006699	200.00028	199.999982	199.999959	199.999957	199.999957	199.999957	199.999957	199.999957
299.999993	299.999993	299.999993	299.999993	299.999993	299.999991	299.999968	299.999671	299.993234	200.006702	200.000283	199.999986	199.999963	199.999961	199.999961	199.999961	199.999961	199.999961
299.999993	299.999993	299.999993	299.999993	299.999993	299.999991	299.999969	299.999672	299.993236	200.006704	200.000286	199.999989	199.999966	199.999965	199.999964	199.999964	199.999964	199.999964
299.999994	299.999994	299.999994	299.999994	299.999994	299.999992	299.999969	299.999673	299.993237	200.006706	200.000289	199.999992	199.999969	199.999968	199.999967	199.999967	199.999967	199.999967
299.999994	299.999994	299.999994	299.999994	299.999994	299.999992	299.99997	299.999673	299.993239	200.006708	200.000291	199.999995	199.999972	199.99997	199.99997	199.99997	199.99997	199.99997
299.999995	299.999995	299.999995	299.999995	299.999995	299.999993	299.99997	299.999674	299.99324	200.00671	200.000293	199.999997	199.999975	199.999973	199.999973	199.999973	199.999973	199.999973
299.999995	299.999995	299.999995	299.999995	299.999995	299.999993	299.999971	299.999675	299.993241	200.006712	200.000295	200	199.999977	199.999975	199.999975	199.999975	199.999975	199.999975
299.999996	299.999996	299.999996	299.999996	299.999996	299.999994	299.999971	299.999676	299.993242	200.006713	200.000297	200.000002	199.999979	199.999978	199.999977	199.999977	199.999977	199.999977
299.999996	299.999996	299.999996	299.999996	299.999996	299.999994	299.999972	299.999676	299.993243	200.006714	200.000299	200.000004	199.999981	199.999979	199.999979	199.999979	199.999979	199.999979
299.999996	299.999996	299.999996	299.999996	299.999996	299.999995	299.999972	299.999677	299.993244	200.006716	200.000301	200.000005	199.999983	199.999981	199.999981	199.999981	199.999981	199.999981
299.999997	299.999997	299.999997	299.999997	299.999997	299.999995	299.999973	299.999677	299.993245	200.006717	200.000302	200.000007	199.999985	199.999983	199.999983	199.999983	199.999983	199.999983
299.999997	299.999997	299.999997	299.999997	299.999997	299.999995	299.999973	299.999678	299.993245	200.006718	200.000303	200.000008	199.999986	199.999984	199.999984	199.999984	199.999984	199.999984
299.999997	299.999997	299.999997	299.999997	299.999997	299.999995	299.999973	299.999678	299.993246	200.006719	200.000305	200.00001	199.999988	199.999986	199.999986	199.999986	199.999986	199.999986
299.999998	299.999998	299.999998	299.999998	299.999997	299.999996	299.999973	299.999679	299.993247	200.00672	200.000306	200.000011	199.999989	199.999987	199.999987	199.999987	199.999987	199.999987
299.999998	299.999998	299.999998	299.999998	299.999998	299.999996	299.999974	299.999679	299.993247	200.006721	200.000307	200.000012	199.99999	199.999988	199.999988	199.999988	199.999988	199.999988
299.999998	299.999998	299.999998	299.999998	299.999998	299.999996	299.999974	299.999679	299.993248	200.006721	200.000308	200.000013	199.999991	199.999989	199.999989	199.999989	199.999989	199.999989
299.999998	299.999998	299.999998	299.999998	299.999998	299.999996	299.999974	299.99968	299.993248	200.006722	200.000308	200.000014	199.999992	199.99999	199.99999	199.99999	199.99999	199.99999
299.999998	299.999998	299.999998	299.999998	299.999998	299.999996	299.999974	299.99968	299.993249	200.006723	200.000309	200.000015	199.999993	199.999991	199.999991	199.999991	199.999991	199.999991
299.999998	299.999998	299.999998	299.999998	299.999998	299.999997	299.999975	299.99968	299.993249	200.006723	200.00031	200.000016	199.999994	199.999992	199.999992	199.999992	199.999992	199.999992
299.999999	299.999999	299.999999	299.999999	299.999998	299.999997	299.999975	299.99968	299.993249	200.006724	200.00031	200.000016	199.999994	199.999993	199.999992	199.999992	199.999992	199.999992
299.999999	299.999999	299.999999	299.999999	299.999999	299.999997	299.999975	299.999681	299.99325	200.006724	200.000311	200.000017	199.999995	199.999993	199.999993	199.999993	199.999993	199.999993
299.999999	299.999999	299.999999	299.999999	299.999999	299.999997	299.999975	299.999681	299.99325	200.006725	200.000312	200.000017	199.999995	199.999994	199.999994	199.999994	199.999994	199.999994
299.999999	299.999999	299.999999	299.999999	299.999999	299.999997	299.999975	299.999681	299.99325	200.006725	200.000312	200.000018	199.999996	199.999994	199.999994	199.999994	199.999994	199.999994
299.999999	299.999999	299.999999	299.999999	299.999999	299.999997	299.999975	299.999681	299.99325	200.006725	200.000312	200.000018	199.999997	199.999995	199.999995	199.999995	199.999995	199.999995
299.999999	299.999999	299.999999	299.999999	299.999999	299.999997	299.999975	299.999681	299.993251	200.006726	200.000313	200.000019	199.999997	199.999995	199.999995	199.999995	199.999995	199.999995
299.999999	299.999999	299.999999	299.999999	299.999999	299.999997	299.999975	299.999681	299.993251	200.006726	200.000313	200.000019	199.999997	199.999996	199.999996	199.999996	199.999996	199.999996
299.999999	299.999999	299.999999	299.999999	299.999999	299.999997	299.999976	299.999681	299.993251	200.006726	200.000314	200.00002	199.999998	199.999996	199.999996	199.999996	199.999996	199.999996
299.999999	299.999999	299.999999	299.999999	299.999999	299.999998	299.999976	299.999682	299.993251	200.006726	200.000314	200.00002	199.999998	199.999996	199.999996	199.999996	199.999996	199.999996
299.999999	299.999999	299.999999	299.999999	299.999999	299.999998	299.999976	299.999682	299.993251	200.006727	200.000314	200.00002	199.999998	199.999997	199.999997	199.999997	199.999997	199.999997
299.999999	299.999999	299.999999	299.999999	299.999999	299.999998	299.999976	299.999682	299.993252	200.006727	200.000314	200.000021	199.999999	199.999997	199.999997	199.999997	199.999997	199.999997
299.999999	299.999999	299.999999	299.999999	299.999999	299.999998	299.999976	299.999682	299.993252	200.006727	200.000315	200.000021	199.999999	199.999997	199.999997	199.999997	199.999997	199.999997
300	300	300	300	299.999999	299.999998	299.999976	299.999682	299.993252	200.006727	200.000315	200.000021	199.999999	199.999998	199.999997	199.999997	199.999997	199.999997
300	300	300	300	299.999999	299.999998	299.999976	299.999682	299.993252	200.006727	200.000315	200.000021	199.999999	199.999998	199.999998	199.999998	199.999998	199.999998
300	300	300	300	299.999999	299.999998	299.999976	299.999682	299.993252	200.006727	200.000315	200.000021	200	199.999998	199.999998	199.999998	199.999998	199.999998
300	300	300	300	300	299.999998	299.999976	299.999682	299.993252	200.006728	200.000315	200.000022	200	199.999998	199.999998	199.999998	199.999998	199.999998
300	300	300	300	300	299.999998	299.999976	299.999682	299.993252	200.006728	200.000315	200.000022	200	199.999998	199.999998	199.999998	199.999998	199.999998
300	300	300	300	300	299.999998	299.999976	299.999682	299.993252	200.006728	200.000316	200.000022	200	199.999999	199.999998	199.999998	199.999998	199.999998
300	300	300	300	300	299.999998	299.999976	299.999682	299.993252	200.006728	200.000316	200.000022	200	199.999999	199.999999	199.999999	199.999999	199.999999
300	300	300	300	300	299.999998	299.999976	299.999682	299.993252	200.006728	200.000316	200.000022	200	199.999999	199.999999	199.999999	199.999999	199.999999
300	300	300	300	300	299.999998	299.999976	299.999682	299.993253	200.006728	200.000316	200.000022	200.000001	199.999999	199.999999	199.999999	199.999999	199.999999
300	300	300	300	300	299.999998	299.999976	299.999682	299.993253	200.006728	200.000316	200.000022	200.000001	199.999999	199.999999	199.999999	199.999999	199.999999
300	300	300	300	300	299.999998	299.999976	299.999682	299.993253	200.006728	200.000316	200.000022	200.000001	199.999999	199.999999	199.999999	199.999999	199.999999
300	300	300	300	300	299.999998	299.999976	299.999682	299.993253	200.006728	200.000316	200.000023	200.000001	199.999999	199.999999	199.999999	199.999999	199.999999
300	300	300	300	300	299.999998	299.999976	299.999683	299.993253	200.006728	200.000316	200.000023	200.000001	199.999999	199.999999	199.999999	199.999999	199.999999
300	300	300	300	300	299.999998	299.999976	299.999683	299.993253	200.006728	200.000316	200.000023	200.000001	199.999999	199.999999	199.999999	199.999999	199.999999
300	300	300	300	300	299.999998	299.999976	299.999683	299.993253	200.006728	200.000316	200.000023	200.000001	199.999999	199.999999	199.999999	199.999999	199.999999
300	300	300	300	300	299.999998	299.999976	299.999683	299.993253	200.006728	200.000316	200.000023	200.000001	199.999999	199.999999	199.999999	199.999999	199.999999
300	300	300	300	300	299.999998	299.999976	299.999683	299.993253	200.006728	200.000316	200.000023	200.000001	200	199.999999	199.999999	199.999999	199.999999
300	300	300	300	300	299.999998	299.999976	299.999683	299.993253	200.006729	200.000316	200.000023	200.000001	200	199.999999	199.999999	199.999999	199.999999
300	300	300	300	300	299.999998	299.999976	299.999683	299.993253	200.006729	200.000317	200.000023	200.000001	200	200	200	200	200
300	300	300	300	300	299.999998	299.999976	299.999683	299.993253	200.006729	200.000317	200.000023	200.000001	200	200	200	200	200
300	300	300	300	300	299.999998	299.999976	299.999683	299.993253	200.006729	200.000317	200.000023	200.000001	200	200	200	200	200
300	300	300	300	300	299.999998	299.999976	299.999683	299.993253	200.006729	200.000317	200.000023	200.000001	200	200	200	200	200
300	300	300	300	300	299.999998	299.999976	299.999683	299.993253	200.006729	200.000317	200.000023	200.000001	200	200	200	200	200
300	300	300	300	300	299.999998	299.999976	299.999683	299.993253	200.006729	200.000317	200.000023	200.000001	200	200	200	200	200
300	300	300	300	300	299.999998	299.999976	299.999683	299.993253	200.006729	200.000317	200.000023	200.000001	200	200	200	200	200
300	300	300	300	300	299.999998	299.999976	299.999683	299.993253	200.006729	200.000317	200.000023	200.000001	200	200	200	200	200
300	300	300	300	300	299.999998	299.999976	299.999683	299.993253	200.006729	200.000317	200.000023	200.000002	200	200	200	200	200
300	300	300	300	300	299.999998	299.999976	299.999683	299.993253	200.006729	200.000317	200.000023	200.000002	200	200	200	200	200
300	300	300	300	300	299.999998	299.999976	299.999683	299.993253	200.006729	200.000317	200.000023	200.000002	200	200	200	200	200
300	300	300	300	300	299.999998	299.999976	299.999683	299.993253	200.006729	200.000317	200.000023	200.000002	200	200	200	200	200
300	300	300	300	300	299.999998	299.999976	299.999683	299.993253	200.006729	200.000317	200.000023	200.000002	200	200	200	200	200
300	300	300	300	300	299.999998	299.999976	299.999683	299.993253	200.006729	200.000317	200.000023	200.000002	200	200	200	200	200
300	300	300	300	300	299.999998	299.999976	299.999683	299.993253	200.006729	200.000317	200.000023	200.000002	200	200	200	200	200
300	300	300	300	300	299.999998	299.999976	299.999683	299.993253	200.006729	200.000317	200.000023	200.000002	200	200	200	200	200
300	300	300	300	300	299.999998	299.999976	299.999683	299.993253	200.006729	200.000317	200.000023	200.000002	200	200	200	200	200
300	300	300	300	300	299.999998	299.999976	299.999683	299.993253	200.006729	200.000317	200.000023	200.000002	200	200	200	200	200
300	300	300	300	300	299.999998	299.999977	299.999683	299.993253	200.006729	200.000317	200.000023	200.000002	200	200	200	200	200
300	300	300	300	300	299.999998	299.999977	299.999683	299.993253	200.006729	200.000317	200.000023	200.000002	200	200	200	200	200
300	300	300	300	300	299.999998	299.999977	299.999683	299.993253	200.006729	200.000317	200.000023	200.000002	200	200	200	200	200
300	300	300	300	300	299.999998	299.999977	299.999683	299.993253	200.006729	200.000317	200.000023	200.000002	200	200	200	200	200
300	300	300	300	300	299.999998	299.999977	299.999683	299.993253	200.006729	200.000317	200.000023	200.000002	200	200	200	200	200
300	300	300	300	300	299.999998	299.999977	299.999683	299.993253	200.006729	200.000317	200.000023	200.000002	200	200	200	200	200
300	300	300	300	300	299.999998	299.999977	299.999683	299.993253	200.006729	200.000317	200.000023	200.000002	200	200	200	200	200
300	300	300	300	300	299.999998	299.999977	299.999683	299.993253	200.006729	200.000317	200.000023	200.000002	200	200	200	200	200
300	300	300	300	300	299.999998	299.999977	299.999683	299.993253	200.006729	200.000317	200.000023	200.000002	200	200	200	200	200
300	300	300	300	300	299.999998	299.999977	299.999683	299.993253	200.006729	200.000317	200.000023	200.000002	200	200	200	200	200
300	300	300	300	300	299.999998	299.999977	299.999683	299.993253	200.006729	200.000317	200.000023	200.000002	200	200	200	200	200
300	300	300	300	300	299.999998	299.999977	299.999683	299.993253	200.006729	200.000317	200.000023	200.000002	200	200	200	200	200
300	300	300	300	300	299.999998	299.999977	299.999683	299.993253	200.006729	200.000317	200.000023	200.000002	200	200	200	200	200
300	300	300	300	300	299.999998	299.999977	299.999683	299.993253	200.006729	200.000317	200.000023	200.000002	200	200	200	200	200
300	300	300	300	300	299.999998	299.999977	299.999683	299.993253	200.006729	200.000317	200.000023	200.000002	200	200	200	200	200
300	300	300	300	300	299.999998	299.999977	299.999683	299.993253	200.006729	200.000317	200.000023	200.000002	200	200	200	200	200
300	300	300	300	300	299.999998	299.999977	299.999683	299.993253	200.006729	200.000317	200.000023	200.000002	200	200	200	200	200
300	300	300	300	300	299.999998	299.999977	299.999683	299.993253	200.006729	200.000317	200.000023	200.000002	200	200	200	200	200
300	300	300	300	300	299.999998	299.999977	299.999683	299.993253	200.006729	200.000317	200.000023	200.000002	200	200	200	200	200
300	300	300	300	300	299.999998	299.999977	299.999683	299.993253	200.006729	200.000317	200.000023	200.000002	200	200	200	200	200
300	300	300	300	300	299.999998	299.999977	299.999683	299.993253	200.006729	200.000317	200.000023	200.000002	200	200	200	200	200
300	300	300	300	300	299.999998	299.999977	299.999683	299.993253	200.006729	200.000317	200.000023	200.000002	200	200	200	200	200
300	300	300	300	300	299.999998	299.999977	299.999683	299.993253	200.006729	200.000317	200.000023	200.000002	200	200	200	200	200
300	300	300	300	300	299.999998	299.999977	299.999683	299.993253	200.006729	200.000317	200.000023	200.000002	200	200	200	200	200
300	300	300	300	300	299.999998	299.999977	299.999683	299.993253	200.006729	200.000317	200.000023	200.000002	200	200	200	200	200
300	300	300	300	300	299.999998	299.999977	299.999683	299.993253	200.006729	200.000317	200.000023	200.000002	200	200	200	200	200
300	300	300	300	300	299.999998	299.999977	299.999683	299.993253	200.006729	200.000317	200.000023	200.000002	200	200	200	200	200
300	300	300	300	300	299.999998	299.999977	299.999683	299.993253	200.006729	200.000317	200.000023	200.000002	200	200	200	200	200
300	300	300	300	300	299.999998	299.999977	299.999683	299.993253	200.006729	200.000317	200.000023	200.000002	200	200	200	200	200
300	300	300	300	300	299.999998	299.999977	299.999683	299.993253	200.006729	200.000317	200.000023	200.000002	200	200	200	200	200
300	300	300	300	300	299.999998	299.999977	299.999683	299.993253	200.006729	200.000317	200.000023	200.000002	200	200	200	200	200
300	300	300	300	300	299.999998	299.999977	299.999683	299.993253	200.006729	200.000317	200.000023	200.000002	200	200	200	200	200
300	300	300	300	300	299.999998	299.999977	299.999683	299.993253	200.006729	200.000317	200.000023	200.000002	200	200	200	200	200
300	300	300	300	300	299.999998	299.999977	299.999683	299.993253	200.006729	200.000317	200.000023	200.000002	200	200	200	200	200
300	300	300	300	300	299.999998	299.999977	299.999683	299.993253	200.006729	200.000317	200.000023	200.000002	200	200	200	200	200
300	300	300	300	300	299.999998	299.999977	299.999683	299.993253	200.006729	200.000317	200.000023	200.000002	200	200	200	200	200
300	300	300	300	300	299.999998	299.999977	299.999683	299.993253	200.006729	200.000317	200.000023	200.000002	200	200	200	200	200
300	300	300	300	300	299.999998	299.999977	299.999683	299.993253	200.006729	200.000317	200.000023	200.000002	200	200	200	200	200
300	300	300	300	300	299.999998	299.999977	299.999683	299.993253	200.006729	200.000317	200.000023	200.000002	200	200	200	200	200
300	300	300	300	300	299.999998	299.999977	299.999683	299.993253	200.006729	200.000317	200.000023	200.000002	200	200	200	200	200
300	300	300	300	300	299.999998	299.999977	299.999683	299.993253	200.006729	200.000317	200.000023	200.000002	200	200	200	200	200
300	300	300	300	300	299.999998	299.999977	299.999683	299.993253	200.006729	200.000317	200.000023	200.000002	200	200	200	200	200
300	300	300	300	300	299.999998	299.999977	299.999683	299.993253	200.006729	200.000317	200.000023	200.000002	200	200	200	200	200
300	300	300	300	300	299.999998	299.999977	299.999683	299.993253	200.006729	200.000317	200.000023	200.000002	200	200	200	200	200
300	300	300	300	300	299.999998	299.999977	299.999683	299.993253	200.006729	200.000317	200.000023	200.000002	200	200	200	200	200
300	300	300	300	300	299.999998	299.999977	299.999683	299.993253	200.006729	200.000317	200.000023	200.000002	200	200	200	200	200
300	300	300	300	300	299.999998	299.999977	299.999683	299.993253	200.006729	200.000317	200.000023	200.000002	200	200	200	200	200
300	300	300	300	300	299.999998	299.999977	299.999683	299.993253	200.006729	200.000317	200.000023	200.000002	200	200	200	200	200
300	300	300	300	300	299.999998	299.999977	299.999683	299.993253	200.006729	200.000317	200.000023	200.000002	200	200	200	200	200
300	300	300	300	300	299.999998	299.999977	299.999683	299.993253	200.006729	200.000317	200.000023	200.000002	200	200	200	200	200
300	300	300	300	300	299.999998	299.999977	299.999683	299.993253	200.006729	200.000317	200.000023	200.000002	200	200	200	200	200
300	300	300	300	300	299.999998	299.999977	299.999683	299.993253	200.006729	200.000317	200.000023	200.000002	200	200	200	200	200
300	300	300	300	300	299.999998	299.999977	299.999683	299.993253	200.006729	200.000317	200.000023	200.000002	200	200	200	200	200
300	300	300	300	300	299.999998	299.999977	299.999683	299.993253	200.006729	200.000317	200.000023	200.000002	200	200	200	200	200
300	300	300	300	300	299.999998	299.999977	299.999683	299.993253	200.006729	200.000317	200.000023	200.000002	200	200	200	200	200
300	300	300	300	300	299.999998	299.999977	299.999683	299.993253	200.006729	200.000317	200.000023	200.000002	200	200	200	200	200
300	300	300	300	300	299.999998	299.999977	299.999683	299.993253	200.006729	200.000317	200.000023	200.000002	200	200	200	200	200
300	300	300	300	300	299.999998	299.999977	299.999683	299.993253	200.006729	200.000317	200.000023	200.000002	200	200	200	200	200
300	300	300	300	300	299.999998	299.999977	299.999683	299.993253	200.006729	200.000317	200.000023	200.000002	200	200	200	200	200
300	300	300	300	300	299.999998	299.999977	299.999683	299.993253	200.006729	200.000317	200.000023	200.000002	200	200	200	200	200
300	300	300	300	300	299.999998	299.999977	299.999683	299.993253	200.006729	200.000317	200.000023	200.000002	200	200	200	200	200
300	300	300	300	300	299.999998	299.999977	299.999683	299.993253	200.006729	200.000317	200.000023	200.000002	200	200	200	200	200
300	300	300	300	300	299.999998	299.999977	299.999683	299.993253	200.006729	200.000317	200.000023	200.000002	200	200	200	200	200
300	300	300	300	300	299.999998	299.999977	299.999683	299.993253	200.006729	200.000317	200.000023	200.000002	200	200	200	200	200
300	300	300	300	300	299.999998	299.999977	299.999683	299.993253	200.006729	200.000317	200.000023	200.000002	200	200	200	200	200
300	300	300	300	300	299.999998	299.999977	299.999683	299.993253	200.006729	200.000317	200.000023	200.000002	200	200	200	200	200
300	300	300	300	300	299.999998	299.999977	299.999683	299.993253	200.006729	200.000317	200.000023	200.000002	200	200	200	200	200
300	300	300	300	300	299.999998	299.999977	299.999683	299.993253	200.006729	200.000317	200.000023	200.000002	200	200	200	200	200
300	300	300	300	300	299.999998	299.999977	299.999683	299.993253	200.006729	200.000317	200.000023	200.000002	200	200	200	200	200
300	300	300	300	300	299.999998	299.999977	299.999683	299.993253	200.006729	200.000317	200.000023	200.000002	200	200	200	200	200
300	300	300	300	300	299.999998	299.999977	299.999683	299.993253	200.006729	200.000317	200.000023	200.000002	200	200	200	200	200
300	300	300	300	300	299.999998	299.999977	299.999683	299.993253	200.006729	200.000317	200.000023	200.000002	200	200	200	200	200
300	300	300	300	300	299.999998	299.999977	299.999683	299.993253	200.006729	200.000317	200.000023	200.000002	200	200	200	200	200
300	300	300	300	300	299.999998	299.999977	299.999683	299.993253	200.006729	200.000317	200.000023	200.000002	200	200	200	200	200
300	300	300	300	300	299.999998	299.999977	299.999683	299.993253	200.006729	200.000317	200.000023	200.000002	200	200	200	200	200
300	300	300	300	300	299.999998	299.999977	299.999683	299.993253	200.006729	200.000317	200.000023	200.000002	200	200	200	200	200
300	300	300	300	300	299.999998	299.999977	299.999683	299.993253	200.006729	200.000317	200.000023	200.000002	200	200	200	200	200
300	300	300	300	300	299.999998	299.999977	299.999683	299.993253	200.006729	200.000317	200.000023	200.000002	200	200	200	200	200
300	300	300	300	300	299.999998	299.999977	299.999683	299.993253	200.006729	200.000317	200.000023	200.000002	200	200	200	200	200
300	300	300	300	300	299.999998	299.999977	299.999683	299.993253	200.006729	200.000317	200.000023	200.000002	200	200	200	200	200
300	300	300	300	300	299.999998	299.999977	299.999683	299.993253	200.006729	200.000317	200.000023	200.000002	200	200	200	200	200
300	300	300	300	300	299.999998	299.999977	299.999683	299.993253	200.006729	200.000317	200.000023	200.000002	200	200	200	200	200
300	300	300	300	300	299.999998	299.999977	299.999683	299.993253	200.006729	200.000317	200.000023	200.000002	200	200	200	200	200
300	300	300	300	300	299.999998	299.999977	299.999683	299.993226	199.007527	199.001089	199.000795	199.000774	199.000772	199.000772	199.000772	199.000772	199.000772
300	300	300	300	300	299.999998	299.999977	299.999683	299.993206	198.007918	198.001459	198.001166	198.001144	198.001142	198.001142	198.001142	198.001142	198.001142
300	300	300	300	300	299.999998	299.999977	299.999683	299.993182	197.00823	197.001747	197.001454	197.001432	197.00143	197.00143	197.00143	197.00143	197.00143
300	300	300	300	300	299.999998	299.999977	299.999683	299.993156	196.008496	196.001988	196.001694	196.001673	196.001671	196.001671	196.001671	196.001671	196.001671
300	300	300	300	300	299.999998	299.999977	299.999683	299.993128	195.008733	195.002197	195.001903	195.001882	195.00188	195.00188	195.00188	195.00188	195.00188
300	300	300	300	300	299.999998	299.999977	299.999683	299.993098	194.008949	194.002383	194.002089	194.002067	194.002066	194.002066	194.002066	194.002066	194.002066
300	300	300	300	300	299.999998	299.999977	299.999683	299.993065	193.009148	193.002549	193.002256	193.002234	193.002232	193.002232	193.002232	193.002232	193.002232
300	300	300	300	300	299.999998	299.999977	299.999683	299.993031	192.009333	192.0027	192.002407	192.002385	192.002383	192.002383	192.002383	192.002383	192.002383
300	300	300	300	300	299.999998	299.999977	299.999683	299.992995	191.009506	191.002837	191.002544	191.002522	191.00252	191.00252	191.00252	191.00252	191.00252
300	300	300	300	300	299.999998	299.999977	299.999683	299.992956	190.009669	190.002962	190.002668	190.002647	190.002645	190.002645	190.002645	190.002645	190.002645
300	300	300	300	300	299.999998	299.999977	299.999682	299.992916	189.009822	189.003076	189.002782	189.00276	189.002759	189.002759	189.002759	189.002759	189.002759
300	300	300	300	300	299.999998	299.999977	299.999682	299.992874	188.009968	188.00318	188.002886	188.002864	188.002862	188.002862	188.002862	188.002862	188.002862
300	300	300	300	300	299.999998	299.999977	299.999682	299.992831	187.010106	187.003275	187.00298	187.002959	187.002957	187.002957	187.002957	187.002957	187.002957
300	300	300	300	300	299.999998	299.999977	299.999682	299.992785	186.010237	186.003361	186.003067	186.003045	186.003043	186.003043	186.003043	186.003043	186.003043
300	300	300	300	300	299.999998	299.999977	299.999681	299.992738	185.010363	185.003441	185.003146	185.003124	185.003122	185.003122	185.003122	185.003122	185.003122
300	300	300	300	300	299.999998	299.999977	299.999681	299.99269	184.010483	184.003513	184.003218	184.003196	184.003194	184.003194	184.003194	184.003194	184.003194
300	300	300	300	300	299.999998	299.999977	299.99968	299.99264	183.010598	183.003579	183.003283	183.003262	183.00326	183.00326	183.00326	183.00326	183.00326
300	300	300	300	300	299.999998	299.999977	299.99968	299.992589	182.010709	182.00364	182.003344	182.003322	182.00332	182.00332	182.00332	182.00332	182.00332
300	300	300	300	300	299.999998	299.999976	299.999679	299.992537	181.010816	181.003696	181.003398	181.003377	181.003375	181.003375	181.003375	181.003375	181.003375
300	300	300	300	300	299.999998	299.999976	299.999678	299.992484	180.010919	180.003747	180.003448	180.003427	180.003425	180.003425	180.003425	180.003425	180.003425
300	300	300	300	300	299.999998	299.999976	299.999677	299.992429	179.011019	179.003793	179.003494	179.003472	179.003471	179.003471	179.003471	179.003471	179.003471
300	300	300	300	300	299.999998	299.999976	299.999676	299.992374	178.011116	178.003836	178.003536	178.003514	178.003512	178.003512	178.003512	178.003512	178.003512
300	300	300	300	300	299.999998	299.999976	299.999675	299.992318	177.011211	177.003875	177.003574	177.003552	177.003551	177.00355	177.00355	177.00355	177.00355
300	300	300	300	300	299.999998	299.999976	299.999674	299.99226	176.011303	176.003911	176.003609	176.003587	176.003585	176.003585	176.003585	176.003585	176.003585
300	300	300	300	300	299.999998	299.999976	299.999673	299.992202	175.011392	175.003944	175.003641	175.003619	175.003617	175.003617	175.003617	175.003617	175.003617
300	300	300	300	300	299.999998	299.999976	299.999671	299.992144	174.01148	174.003975	174.00367	174.003648	174.003646	174.003646	174.003646	174.003646	174.003646
300	300	300	300	300	299.999998	299.999976	299.99967	299.992084	173.011566	173.004002	173.003696	173.003674	173.003673	173.003673	173.003673	173.003673	173.003673
300	300	300	300	300	299.999998	299.999976	299.999668	299.992024	172.01165	172.004028	172.00372	172.003699	172.003697	172.003697	172.003697	172.003697	172.003697
300	300	300	300	300	299.999998	299.999976	299.999667	299.991963	171.011732	171.004052	171.003743	171.003721	171.003719	171.003719	171.003719	171.003719	171.003719
300	300	300	300	300	299.999998	299.999976	299.999665	299.991902	170.011813	170.004074	170.003763	170.003741	170.003739	170.003739	170.003739	170.003739	170.003739
300	300	300	300	300	299.999998	299.999976	299.999663	299.99184	169.011893	169.004094	169.003781	169.003759	169.003758	169.003757	169.003757	169.003757	169.003757
300	300	300	300	300	299.999998	299.999976	299.999661	299.991778	168.011972	168.004113	168.003798	168.003776	168.003774	168.003774	168.003774	168.003774	168.003774
300	300	300	300	300	299.999998	299.999976	299.999659	299.991716	167.01205	167.00413	167.003814	167.003791	167.00379	167.00379	167.00379	167.00379	167.00379
300	300	300	300	300	299.999998	299.999976	299.999657	299.991653	166.012127	166.004146	166.003828	166.003805	166.003804	166.003804	166.003804	166.003804	166.003804
300	300	300	300	300	299.999998	299.999976	299.999655	299.991589	165.012203	165.004161	165.003841	165.003818	165.003817	165.003816	165.003816	165.003816	165.003816
300	300	300	300	300	299.999998	299.999976	299.999653	299.991526	164.012278	164.004175	164.003852	164.00383	164.003828	164.003828	164.003828	164.003828	164.003828
300	300	300	300	300	299.999998	299.999976	299.999651	299.991462	163.012353	163.004188	163.003863	163.003841	163.003839	163.003839	163.003839	163.003839	163.003839
300	300	300	300	300	299.999998	299.999976	299.999648	299.991397	162.012427	162.0042	162.003873	162.00385	162.003849	162.003849	162.003849	162.003849	162.003849
300	300	300	300	300	299.999998	299.999976	299.999646	299.991333	161.0125	161.004211	161.003882	161.003859	161.003858	161.003858	161.003858	161.003858	161.003858
300	300	300	300	300	299.999998	299.999975	299.999644	299.991268	160.012573	160.004222	160.00389	160.003867	160.003866	160.003866	160.003866	160.003866	160.003866
300	300	300	300	300	299.999998	299.999975	299.999641	299.991203	159.012645	159.004232	159.003898	159.003875	159.003873	159.003873	159.003873	159.003873	159.003873
300	300	300	300	300	299.999998	299.999975	299.999639	299.991138	158.012717	158.004241	158.003905	158.003882	158.00388	158.00388	158.00388	158.00388	158.00388
300	300	300	300	300	299.999998	299.999975	299.999636	299.991072	157.012788	157.00425	157.003911	157.003888	157.003886	157.003886	157.003886	157.003886	157.003886
300	300	300	300	300	299.999998	299.999975	299.999634	299.991007	156.012859	156.004258	156.003917	156.003893	156.003892	156.003892	156.003892	156.003892	156.003892
300	300	300	300	300	299.999998	299.999975	299.999631	299.990941	155.01293	155.004266	155.003922	155.003899	155.003897	155.003897	155.003897	155.003897	155.003897
300	300	300	300	300	299.999998	299.999975	299.999628	299.990875	154.013	154.004273	154.003927	154.003903	154.003902	154.003902	154.003902	154.003902	154.003902
300	300	300	300	300	299.999998	299.999975	299.999626	299.990809	153.01307	153.00428	153.003931	153.003908	153.003906	153.003906	153.003906	153.003906	153.003906
300	300	300	300	300	299.999998	299.999974	299.999623	299.990743	152.01314	152.004287	152.003935	152.003912	152.00391	152.00391	152.00391	152.00391	152.00391
300	300	300	300	300	299.999998	299.999974	299.99962	299.990677	151.01321	151.004293	151.003939	151.003915	151.003914	151.003913	151.003913	151.003913	151.003913
300	300	300	300	300	299.999998	299.999974	299.999617	299.99061	150.013279	150.004299	150.003943	150.003918	150.003917	150.003917	150.003917	150.003917	150.003917
300	300	300	300	300	299.999998	299.999974	299.999614	299.990544	149.013349	149.004305	149.003946	149.003921	149.00392	149.00392	149.00392	149.00392	149.00392
300	300	300	300	300	299.999998	299.999974	299.999612	299.990477	148.013418	148.00431	148.003949	148.003924	148.003923	148.003922	148.003922	148.003922	148.003922
300	300	300	300	300	299.999998	299.999974	299.999609	299.990411	147.013487	147.004316	147.003951	147.003927	147.003925	147.003925	147.003925	147.003925	147.003925
300	300	300	300	300	299.999998	299.999973	299.999606	299.990344	146.013555	146.004321	146.003954	146.003929	146.003927	146.003927	146.003927	146.003927	146.003927
300	300	300	300	300	299.999998	299.999973	299.999603	299.990277	145.013624	145.004326	145.003956	145.003931	145.003929	145.003929	145.003929	145.003929	145.003929
300	300	300	300	300	299.999998	299.999973	299.9996	299.990211	144.013692	144.004331	144.003958	144.003933	144.003931	144.003931	144.003931	144.003931	144.003931
300	300	300	300	300	299.999998	299.999973	299.999597	299.990144	143.013761	143.004336	143.00396	143.003935	143.003933	143.003933	143.003933	143.003933	143.003933
300	300	300	300	300	299.999998	299.999973	299.999594	299.990077	142.013829	142.00434	142.003962	142.003936	142.003935	142.003934	142.003934	142.003934	142.003934
300	300	300	300	300	299.999998	299.999972	299.999591	299.99001	141.013897	141.004344	141.003963	141.003938	141.003936	141.003936	141.003936	141.003936	141.003936
300	300	300	300	300	299.999998	299.999972	299.999588	299.989943	140.013966	140.004349	140.003965	140.003939	140.003937	140.003937	140.003937	140.003937	140.003937
292.50579	292.50579	292.50579	292.50579	292.50579	292.505788	292.505762	292.505375	292.495866	139.013835	139.004353	139.003966	139.00394	139.003939	139.003938	139.003938	139.003938	139.003938
285.008567	285.008567	285.008567	285.008567	285.008566	285.008565	285.008538	285.008149	284.998732	138.013748	138.004357	138.003968	138.003941	138.00394	138.00394	138.00394	138.00394	138.00394
277.510725	277.510725	277.510725	277.510725	277.510725	277.510724	277.510697	277.510305	277.501002	137.01364	137.004361	137.003969	137.003942	137.003941	137.003941	137.003941	137.003941	137.003941
270.012531	270.012531	270.012531	270.012531	270.012531	270.012529	270.012502	270.012107	270.002934	136.013514	136.004365	136.00397	136.003943	136.003942	136.003941	136.003941	136.003941	136.003941
262.514099	262.514099	262.514099	262.514099	262.514099	262.514097	262.514071	262.513673	262.504647	135.013372	135.004369	135.003971	135.003944	135.003942	135.003942	135.003942	135.003942	135.003942
255.015492	255.015492	255.015492	255.015492	255.015491	255.01549	255.015463	255.015062	255.006199	134.013214	134.004372	134.003972	134.003945	134.003943	134.003943	134.003943	134.003943	134.003943
247.516742	247.516742	247.516742	247.516742	247.516742	247.51674	247.516713	247.51631	247.507625	133.013041	133.004376	133.003973	133.003946	133.003944	133.003944	133.003944	133.003944	133.003944
240.017874	240.017874	240.017874	240.017874	240.017873	240.017872	240.017844	240.017438	240.008946	132.012853	132.004379	132.003974	132.003946	132.003945	132.003944	132.003944	132.003944	132.003944
232.518901	232.518901	232.518901	232.518901	232.518901	232.518899	232.518872	232.518463	232.510179	131.012649	131.004382	131.003974	131.003947	131.003945	131.003945	131.003945	131.003945	131.003945
225.019837	225.019837	225.019837	225.019837	225.019837	225.019835	225.019807	225.019396	225.011334	130.012431	130.004385	130.003975	130.003948	130.003946	130.003946	130.003945	130.003945	130.003945
217.520689	217.520689	217.520689	217.520689	217.520689	217.520687	217.520659	217.520247	217.512421	129.012199	129.004388	129.003976	129.003948	129.003946	129.003946	129.003946	129.003946	129.003946
210.021467	210.021467	210.021467	210.021467	210.021467	210.021465	210.021437	210.021023	210.013445	128.011954	128.00439	128.003977	128.003948	128.003947	128.003946	128.003946	128.003946	128.003946
202.522177	202.522177	202.522177	202.522177	202.522177	202.522175	202.522147	202.521732	202.514415	127.011695	127.004392	127.003977	127.003949	127.003947	127.003947	127.003947	127.003947	127.003947
195.022825	195.022825	195.022825	195.022825	195.022825	195.022823	195.022794	195.022379	195.015335	126.011425	126.004393	126.003978	126.003949	126.003947	126.003947	126.003947	126.003947	126.003947
187.523417	187.523417	187.523417	187.523417	187.523416	187.523415	187.523386	187.52297	187.516211	125.011142	125.004393	125.003978	125.00395	125.003948	125.003948	125.003948	125.003948	125.003948
180.023957	180.023957	180.023957	180.023957	180.023957	180.023955	180.023926	180.023511	180.017046	124.010849	124.004393	124.003979	124.00395	124.003948	124.003948	124.003948	124.003948	124.003948
172.52445	172.52445	172.52445	172.52445	172.52445	172.524448	172.524419	172.524005	172.517845	123.010545	123.004393	123.003979	123.00395	123.003948	123.003948	123.003948	123.003948	123.003948
165.0249	165.0249	165.0249	165.0249	165.0249	165.024898	165.024869	165.024457	165.01861	122.010231	122.004392	122.00398	122.003951	122.003949	122.003948	122.003948	122.003948	122.003948
157.525311	157.525311	157.525311	157.525311	157.525311	157.525309	157.52528	157.52487	157.519346	121.009908	121.00439	121.00398	121.003951	121.003949	121.003949	121.003949	121.003949	121.003949
150.025687	150.025687	150.025687	150.025687	150.025687	150.025685	150.025655	150.025248	150.020054	120.009577	120.004387	120.00398	120.003951	120.003949	120.003949	120.003949	120.003949	120.003949
150.02024	150.02024	150.02024	150.02024	150.020239	150.020237	150.020208	150.019805	150.014747	119.009436	119.004384	119.003981	119.003951	119.003949	119.003949	119.003949	119.003949	119.003949
150.017776	150.017776	150.017776	150.017776	150.017776	150.017774	150.017744	150.017346	150.012476	118.009244	118.00438	118.003981	118.003951	118.003949	118.003949	118.003949	118.003949	118.003949
150.015903	150.015903	150.015903	150.015903	150.015903	150.015901	150.015871	150.015478	150.010781	117.009066	117.004375	117.003981	117.003952	117.00395	117.003949	117.003949	117.003949	117.003949
150.014359	150.014359	150.014359	150.014359	150.014359	150.014357	150.014327	150.013939	150.009403	116.008899	116.004369	116.003982	116.003952	116.00395	116.00395	116.00395	116.00395	116.00395
150.013029	150.013029	150.013029	150.013029	150.013028	150.013026	150.012997	150.012615	150.00823	115.008742	115.004363	115.003982	115.003952	115.00395	115.00395	115.00395	115.00395	115.00395
150.011854	150.011854	150.011854	150.011854	150.011854	150.011852	150.011822	150.011448	150.007202	114.008596	114.004356	114.003982	114.003952	114.00395	114.00395	114.00395	114.00395	114.00395
150.010802	150.010802	150.010802	150.010802	150.010802	150.0108	150.01077	150.010403	150.006286	113.00846	113.004349	113.003982	113.003952	113.00395	113.00395	113.00395	113.00395	113.00395
150.009852	150.009852	150.009852	150.009852	150.009852	150.00985	150.00982	150.009461	150.005462	112.008334	112.004341	112.003982	112.003952	112.00395	112.00395	112.00395	112.00395	112.00395
150.00899	150.00899	150.00899	150.00899	150.00899	150.008988	150.008958	150.008608	150.004715	111.008218	111.004332	111.003982	111.003952	111.00395	111.00395	111.00395	111.00395	111.00395
150.008206	150.008206	150.008206	150.008206	150.008206	150.008204	150.008174	150.007833	150.004036	110.008114	110.004323	110.003982	110.003952	110.00395	110.00395	110.00395	110.00395	110.00395
150.007492	150.007492	150.007492	150.007492	150.007491	150.007489	150.00746	150.007128	150.003416	109.008019	109.004314	109.003982	109.003953	109.00395	109.00395	109.00395	109.00395	109.00395
150.00684	150.00684	150.00684	150.00684	150.00684	150.006838	150.006809	150.006486	150.002849	108.007934	108.004304	108.003982	108.003953	108.00395	108.00395	108.00395	108.00395	108.00395
150.006245	150.006245	150.006245	150.006245	150.006245	150.006243	150.006214	150.005901	150.002329	107.007859	107.004295	107.003981	107.003953	107.003951	107.00395	107.00395	107.00395	107.00395
150.005702	150.005702	150.005702	150.005702	150.005702	150.0057	150.005672	150.005368	150.001852	106.007793	106.004285	106.003981	106.003953	106.003951	106.00395	106.00395	106.00395	106.00395
150.005207	150.005207	150.005207	150.005207	150.005207	150.005205	150.005176	150.004882	150.001413	105.007737	105.004275	105.003981	105.003953	105.003951	105.003951	105.003951	105.003951	105.003951
150.004755	150.004755	150.004755	150.004755	150.004754	150.004752	150.004724	150.004439	150.001008	104.007689	104.004266	104.003981	104.003953	104.003951	104.003951	104.003951	104.003951	104.003951
150.004341	150.004341	150.004341	150.004341	150.004341	150.004339	150.004312	150.004036	150.000635	103.007649	103.004256	103.00398	103.003953	103.003951	103.003951	103.003951	103.003951	103.003951
150.003964	150.003964	150.003964	150.003964	150.003964	150.003962	150.003935	150.003668	150.00029	102.007616	102.004247	102.00398	102.003953	102.003951	102.003951	102.003951	102.003951	102.003951
150.00362	150.00362	150.00362	150.00362	150.00362	150.003618	150.003591	150.003333	149.999971	101.007591	101.004238	101.00398	101.003953	101.003951	101.003951	101.003951	101.003951	101.003951
150.003305	150.003305	150.003305	150.003305	150.003305	150.003303	150.003277	150.003027	149.999674	100.007573	100.004229	100.003979	100.003953	100.003951	100.003951	100.003951	100.003951	100.003951
150.003018	150.003018	150.003018	150.003018	150.003018	150.003016	150.00299	150.002748	149.999426	100.006762	100.003448	100.003207	100.003181	100.003179	100.003179	100.003179	100.003179	100.003179
150.002756	150.002756	150.002756	150.002756	150.002756	150.002754	150.002729	150.002494	149.99919	100.006365	100.00307	100.002836	100.002811	100.002809	100.002809	100.002809	100.002809	100.002809
150.002517	150.002517	150.002517	150.002517	150.002516	150.002514	150.00249	150.002263	149.998975	100.006054	100.002774	100.002548	100.002523	100.002521	100.002521	100.002521	100.002521	100.002521
150.002298	150.002298	150.002298	150.002298	150.002298	150.002296	150.002272	150.002052	149.998777	100.005792	100.002526	100.002306	100.002282	100.00228	100.00228	100.00228	100.00228	100.00228
150.002098	150.002098	150.002098	150.002098	150.002098	150.002096	150.002073	150.001859	149.998596	100.005564	100.00231	100.002097	100.002073	100.002071	100.002071	100.002071	100.002071	100.002071
150.001916	150.001916	150.001916	150.001916	150.001916	150.001914	150.001891	150.001683	149.99843	100.005363	100.002118	100.00191	100.001888	100.001886	100.001885	100.001885	100.001885	100.001885
150.00175	150.00175	150.00175	150.00175	150.001749	150.001747	150.001725	150.001523	149.998277	100.005182	100.001945	100.001743	100.001721	100.001719	100.001719	100.001719	100.001719	100.001719
150.001598	150.001598	150.001598	150.001598	150.001597	150.001595	150.001574	150.001377	149.998138	100.005019	100.001789	100.001592	100.00157	100.001568	100.001568	100.001568	100.001568	100.001568
150.001459	150.001459	150.001459	150.001459	150.001459	150.001457	150.001435	150.001243	149.998009	100.004871	100.001646	100.001454	100.001433	100.001431	100.001431	100.001431	100.001431	100.001431
150.001332	150.001332	150.001332	150.001332	150.001332	150.00133	150.001309	150.001121	149.997892	100.004737	100.001517	100.001329	100.001308	100.001306	100.001306	100.001306	100.001306	100.001306
150.001216	150.001216	150.001216	150.001216	150.001216	150.001214	150.001194	150.00101	149.997784	100.004616	100.001398	100.001215	100.001194	100.001193	100.001192	100.001192	100.001192	100.001192
150.001111	150.001111	150.001111	150.001111	150.001111	150.001109	150.001089	150.000909	149.997685	100.004505	100.00129	100.00111	100.001091	100.001089	100.001089	100.001089	100.001089	100.001089
150.001014	150.001014	150.001014	150.001014	150.001014	150.001012	150.000993	150.000816	149.997595	100.004404	100.001192	100.001015	100.000996	100.000994	100.000994	100.000994	100.000994	100.000994
150.000926	150.000926	150.000926	150.000926	150.000926	150.000924	150.000905	150.000732	149.997512	100.004313	100.001102	100.000928	100.00091	100.000908	100.000908	100.000908	100.000908	100.000908
150.000846	150.000846	150.000846	150.000846	150.000845	150.000844	150.000826	150.000654	149.997436	100.004229	100.00102	100.000849	100.000831	100.000829	100.000829	100.000829	100.000829	100.000829
150.000772	150.000772	150.000772	150.000772	150.000772	150.00077	150.000753	150.000584	149.997367	100.004153	100.000945	100.000776	100.000759	100.000757	100.000757	100.000757	100.000757	100.000757
150.000705	150.000705	150.000705	150.000705	150.000705	150.000703	150.000686	150.00052	149.997304	100.004084	100.000876	100.00071	100.000693	100.000691	100.000691	100.000691	100.000691	100.000691
150.000644	150.000644	150.000644	150.000644	150.000644	150.000642	150.000625	150.000461	149.997245	100.00402	100.000814	100.00065	100.000633	100.000631	100.000631	100.000631	100.000631	100.000631
150.000588	150.000588	150.000588	150.000588	150.000588	150.000586	150.00057	150.000407	149.997192	100.003963	100.000757	100.000594	100.000578	100.000576	100.000576	100.000576	100.000576	100.000576
150.000537	150.000537	150.000537	150.000537	150.000537	150.000535	150.000519	150.000358	149.997144	100.00391	100.000705	100.000544	100.000528	100.000526	100.000526	100.000526	100.000526	100.000526
150.00049	150.00049	150.00049	150.00049	150.00049	150.000488	150.000473	150.000313	149.997099	100.003862	100.000657	100.000498	100.000482	100.000481	100.00048	100.00048	100.00048	100.00048
150.000448	150.000448	150.000448	150.000448	150.000447	150.000446	150.000431	150.000273	149.997059	100.003819	100.000614	100.000456	100.00044	100.000439	100.000439	100.000439	100.000439	100.000439
150.000409	150.000409	150.000409	150.000409	150.000409	150.000407	150.000392	150.000235	149.997021	100.003779	100.000574	100.000417	100.000402	100.000401	100.000401	100.000401	100.000401	100.000401
150.000373	150.000373	150.000373	150.000373	150.000373	150.000372	150.000357	150.000201	149.996987	100.003743	100.000538	100.000382	100.000367	100.000366	100.000366	100.000366	100.000366	100.000366
150.000341	150.000341	150.000341	150.000341	150.000341	150.000339	150.000325	150.00017	149.996956	100.003709	100.000505	100.00035	100.000336	100.000334	100.000334	100.000334	100.000334	100.000334
150.000311	150.000311	150.000311	150.000311	150.000311	150.00031	150.000295	150.000142	149.996928	100.003679	100.000474	100.000321	100.000307	100.000305	100.000305	100.000305	100.000305	100.000305
150.000284	150.000284	150.000284	150.000284	150.000284	150.000283	150.000269	150.000116	149.996902	100.003652	100.000447	100.000294	100.00028	100.000279	100.000278	100.000278	100.000278	100.000278
150.000259	150.000259	150.000259	150.000259	150.000259	150.000258	150.000244	150.000092	149.996878	100.003627	100.000422	100.000269	100.000256	100.000254	100.000254	100.000254	100.000254	100.000254
150.000237	150.000237	150.000237	150.000237	150.000237	150.000235	150.000222	150.00007	149.996856	100.003604	100.000399	100.000247	100.000234	100.000232	100.000232	100.000232	100.000232	100.000232
150.000216	150.000216	150.000216	150.000216	150.000216	150.000215	150.000202	150.00005	149.996837	100.003583	100.000378	100.000227	100.000213	100.000212	100.000212	100.000212	100.000212	100.000212
150.000198	150.000198	150.000198	150.000198	150.000197	150.000196	150.000183	150.000032	149.996818	100.003564	100.000359	100.000208	100.000195	100.000194	100.000194	100.000194	100.000194	100.000194
150.00018	150.00018	150.00018	150.00018	150.00018	150.000179	150.000166	150.000016	149.996802	100.003546	100.000341	100.000191	100.000178	100.000177	100.000177	100.000177	100.000177	100.000177
150.000165	150.000165	150.000165	150.000165	150.000165	150.000163	150.000151	150.000001	149.996787	100.00353	100.000325	100.000175	100.000163	100.000162	100.000161	100.000161	100.000161	100.000161
150.00015	150.00015	150.00015	150.00015	150.00015	150.000149	150.000137	149.999987	149.996773	100.003516	100.000311	100.000161	100.000149	100.000148	100.000147	100.000147	100.000147	100.000147
150.000137	150.000137	150.000137	150.000137	150.000137	150.000136	150.000124	149.999974	149.99676	100.003503	100.000298	100.000148	100.000136	100.000135	100.000135	100.000135	100.000135	100.000135
150.000125	150.000125	150.000125	150.000125	150.000125	150.000124	150.000112	149.999963	149.996749	100.003491	100.000285	100.000136	100.000124	100.000123	100.000123	100.000123	100.000123	100.000123
150.000115	150.000115	150.000115	150.000115	150.000114	150.000113	150.000101	149.999952	149.996738	100.00348	100.000274	100.000126	100.000113	100.000112	100.000112	100.000112	100.000112	100.000112
150.000105	150.000105	150.000105	150.000105	150.000104	150.000103	150.000091	149.999943	149.996728	100.00347	100.000264	100.000116	100.000104	100.000103	100.000102	100.000102	100.000102	100.000102
150.000095	150.000095	150.000095	150.000095	150.000095	150.000094	150.000082	149.999934	149.99672	100.00346	100.000255	100.000107	100.000095	100.000094	100.000094	100.000094	100.000094	100.000094
150.000087	150.000087	150.000087	150.000087	150.000087	150.000086	150.000074	149.999926	149.996712	100.003452	100.000247	100.000098	100.000087	100.000086	100.000085	100.000085	100.000085	100.000085
150.00008	150.00008	150.00008	150.00008	150.000079	150.000078	150.000067	149.999919	149.996704	100.003444	100.000239	100.000091	100.000079	100.000078	100.000078	100.000078	100.000078	100.000078
150.000073	150.000073	150.000073	150.000073	150.000073	150.000072	150.00006	149.999912	149.996698	100.003437	100.000232	100.000084	100.000072	100.000071	100.000071	100.000071	100.000071	100.000071
150.000066	150.000066	150.000066	150.000066	150.000066	150.000065	150.000054	149.999906	149.996691	100.003431	100.000226	100.000078	100.000066	100.000065	100.000065	100.000065	100.000065	100.000065
150.000061	150.000061	150.000061	150.000061	150.000061	150.000059	150.000048	149.9999	149.996686	100.003425	100.00022	100.000072	100.000061	100.00006	100.000059	100.000059	100.000059	100.000059
150.000055	150.000055	150.000055	150.000055	150.000055	150.000054	150.000043	149.999895	149.996681	100.00342	100.000214	100.000067	100.000055	100.000054	100.000054	100.000054	100.000054	100.000054
150.000051	150.000051	150.000051	150.000051	150.00005	150.000049	150.000038	149.99989	149.996676	100.003415	100.000209	100.000062	100.000051	100.00005	100.00005	100.00005	100.00005	100.00005
150.000046	150.000046	150.000046	150.000046	150.000046	150.000045	150.000034	149.999886	149.996672	100.003411	100.000205	100.000058	100.000046	100.000045	100.000045	100.000045	100.000045	100.000045
150.000042	150.000042	150.000042	150.000042	150.000042	150.000041	150.00003	149.999882	149.996668	100.003407	100.000201	100.000054	100.000042	100.000041	100.000041	100.000041	100.000041	100.000041
150.000038	150.000038	150.000038	150.000038	150.000038	150.000037	150.000026	149.999879	149.996664	100.003403	100.000197	100.00005	100.000039	100.000038	100.000038	100.000038	100.000038	100.000038
150.000035	150.000035	150.000035	150.000035	150.000035	150.000034	150.000023	149.999876	149.996661	100.0034	100.000194	100.000047	100.000035	100.000035	100.000034	100.000034	100.000034	100.000034
150.000032	150.000032	150.000032	150.000032	150.000032	150.000031	150.00002	149.999873	149.996658	100.003397	100.000191	100.000044	100.000032	100.000032	100.000031	100.000031	100.000031	100.000031
150.000029	150.000029	150.000029	150.000029	150.000029	150.000028	150.000017	149.99987	149.996655	100.003394	100.000188	100.000041	100.00003	100.000029	100.000029	100.000029	100.000029	100.000029
150.000027	150.000027	150.000027	150.000027	150.000027	150.000026	150.000015	149.999867	149.996653	100.003391	100.000185	100.000038	100.000027	100.000026	100.000026	100.000026	100.000026	100.000026
150.000024	150.000024	150.000024	150.000024	150.000024	150.000023	150.000012	149.999865	149.99665	100.003389	100.000183	100.000036	100.000025	100.000024	100.000024	100.000024	100.000024	100.000024
150.000022	150.000022	150.000022	150.000022	150.000022	150.000021	150.00001	149.999863	149.996648	100.003387	100.000181	100.000034	100.000023	100.000022	100.000022	100.000022	100.000022	100.000022
150.00002	150.00002	150.00002	150.00002	150.00002	150.000019	150.000008	149.999861	149.996647	100.003385	100.000179	100.000032	100.000021	100.00002	100.00002	100.00002	100.00002	100.00002
150.000019	150.000019	150.000019	150.000019	150.000019	150.000018	150.000007	149.99986	149.996645	100.003383	100.000177	100.00003	100.000019	100.000018	100.000018	100.000018	100.000018	100.000018
150.000017	150.000017	150.000017	150.000017	150.000017	150.000016	150.000005	149.999858	149.996643	100.003381	100.000176	100.000029	100.000018	100.000017	100.000017	100.000017	100.000017	100.000017
150.000016	150.000016	150.000016	150.000015	150.000015	150.000015	150.000004	149.999857	149.996642	100.00338	100.000174	100.000027	100.000016	100.000015	100.000015	100.000015	100.000015	100.000015
150.000014	150.000014	150.000014	150.000014	150.000014	150.000013	150.000002	149.999855	149.99664	100.003379	100.000173	100.000026	100.000015	100.000014	100.000014	100.000014	100.000014	100.000014
150.000013	150.000013	150.000013	150.000013	150.000013	150.000012	150.000001	149.999854	149.996639	100.003377	100.000171	100.000025	100.000014	100.000013	100.000013	100.000013	100.000013	100.000013
150.000012	150.000012	150.000012	150.000012	150.000012	150.000011	150	149.999853	149.996638	100.003376	100.00017	100.000023	100.000013	100.000012	100.000012	100.000012	100.000012	100.000012
150.000011	150.000011	150.000011	150.000011	150.000011	150.00001	149.999999	149.999852	149.996637	100.003375	100.000169	100.000022	100.000011	100.000011	100.000011	100.000011	100.000011	100.000011
150.00001	150.00001	150.00001	150.00001	150.00001	150.000009	149.999998	149.999851	149.996636	100.003374	100.000168	100.000022	100.000011	100.00001	100.00001	100.00001	100.00001	100.00001
150.000009	150.000009	150.000009	150.000009	150.000009	150.000008	149.999997	149.99985	149.996635	100.003373	100.000167	100.000021	100.00001	100.000009	100.000009	100.000009	100.000009	100.000009
150.000008	150.000008	150.000008	150.000008	150.000008	150.000007	149.999996	149.999849	149.996635	100.003373	100.000167	100.00002	100.000009	100.000008	100.000008	100.000008	100.000008	100.000008
150.000007	150.000007	150.000007	150.000007	150.000007	150.000007	149.999996	149.999849	149.996634	100.003372	100.000166	100.000019	100.000008	100.000007	100.000007	100.000007	100.000007	100.000007
150.000007	150.000007	150.000007	150.000007	150.000007	150.000006	149.999995	149.999848	149.996633	100.003371	100.000165	100.000019	100.000008	100.000007	100.000007	100.000007	100.000007	100.000007
150.000006	150.000006	150.000006	150.000006	150.000006	150.000005	149.999994	149.999848	149.996633	100.003371	100.000165	100.000018	100.000007	100.000006	100.000006	100.000006	100.000006	100.000006
150.000006	150.000006	150.000006	150.000006	150.000006	150.000005	149.999994	149.999847	149.996632	100.00337	100.000164	100.000017	100.000006	100.000006	100.000006	100.000006	100.000006	100.000006
150.000005	150.000005	150.000005	150.000005	150.000005	150.000004	149.999993	149.999846	149.996632	100.00337	100.000164	100.000017	100.000006	100.000005	100.000005	100.000005	100.000005	100.000005
150.000005	150.000005	150.000005	150.000005	150.000005	150.000004	149.999993	149.999846	149.996631	100.003369	100.000163	100.000016	100.000006	100.000005	100.000005	100.000005	100.000005	100.000005
150.000004	150.000004	150.000004	150.000004	150.000004	150.000003	149.999993	149.999846	149.996631	100.003369	100.000163	100.000016	100.000005	100.000004	100.000004	100.000004	100.000004	100.000004
150.000004	150.000004	150.000004	150.000004	150.000004	150.000003	149.999992	149.999845	149.99663	100.003368	100.000162	100.000016	100.000005	100.000004	100.000004	100.000004	100.000004	100.000004
150.000004	150.000004	150.000004	150.000004	150.000004	150.000003	149.999992	149.999845	149.99663	100.003368	100.000162	100.000015	100.000004	100.000004	100.000004	100.000004	100.000004	100.000004
150.000003	150.000003	150.000003	150.000003	150.000003	150.000002	149.999992	149.999845	149.99663	100.003368	100.000162	100.000015	100.000004	100.000003	100.000003	100.000003	100.000003	100.000003
150.000003	150.000003	150.000003	150.000003	150.000003	150.000002	149.999991	149.999844	149.99663	100.003367	100.000161	100.000015	100.000004	100.000003	100.000003	100.000003	100.000003	100.000003
150.000003	150.000003	150.000003	150.000003	150.000003	150.000002	149.999991	149.999844	149.996629	100.003367	100.000161	100.000014	100.000004	100.000003	100.000003	100.000003	100.000003	100.000003
150.000003	150.000003	150.000003	150.000003	150.000002	150.000002	149.999991	149.999844	149.996629	100.003367	100.000161	100.000014	100.000003	100.000003	100.000002	100.000002	100.000002	100.000002
150.000002	150.000002	150.000002	150.000002	150.000002	150.000001	149.999991	149.999844	149.996629	100.003367	100.000161	100.000014	100.000003	100.000002	100.000002	100.000002	100.000002	100.000002
150.000002	150.000002	150.000002	150.000002	150.000002	150.000001	149.99999	149.999843	149.996629	100.003367	100.000161	100.000014	100.000003	100.000002	100.000002	100.000002	100.000002	100.000002
150.000002	150.000002	150.000002	150.000002	150.000002	150.000001	149.99999	149.999843	149.996628	100.003366	100.00016	100.000014	100.000003	100.000002	100.000002	100.000002	100.000002	100.000002
150.000002	150.000002	150.000002	150.000002	150.000002	150.000001	149.99999	149.999843	149.996628	100.003366	100.00016	100.000013	100.000003	100.000002	100.000002	100.000002	100.000002	100.000002
150.000002	150.000002	150.000002	150.000002	150.000002	150.000001	149.99999	149.999843	149.996628	100.003366	100.00016	100.000013	100.000002	100.000002	100.000002	100.000002	100.000002	100.000002
150.000001	150.000001	150.000001	150.000001	150.000001	150.000001	149.99999	149.999843	149.996628	100.003366	100.00016	100.000013	100.000002	100.000001	100.000001	100.000001	100.000001	100.000001
150.000001	150.000001	150.000001	150.000001	150.000001	150	149.99999	149.999843	149.996628	100.003366	100.00016	100.000013	100.000002	100.000001	100.000001	100.000001	100.000001	100.000001
150.000001	150.000001	150.000001	150.000001	150.000001	150	149.999989	149.999843	149.996628	100.003366	100.00016	100.000013	100.000002	100.000001	100.000001	100.000001	100.000001	100.000001
150.000001	150.000001	150.000001	150.000001	150.000001	150	149.999989	149.999842	149.996628	100.003366	100.00016	100.000013	100.000002	100.000001	100.000001	100.000001	100.000001	100.000001
150.000001	150.000001	150.000001	150.000001	150.000001	150	149.999989	149.999842	149.996628	100.003365	100.000159	100.000013	100.000002	100.000001	100.000001	100.000001	100.000001	100.000001
150.000001	150.000001	150.000001	150.000001	150.000001	150	149.999989	149.999842	149.996627	100.003365	100.000159	100.000013	100.000002	100.000001	100.000001	100.000001	100.000001	100.000001
150.000001	150.000001	150.000001	150.000001	150.000001	150	149.999989	149.999842	149.996627	100.003365	100.000159	100.000013	100.000002	100.000001	100.000001	100.000001	100.000001	100.000001
150.000001	150.000001	150.000001	150.000001	150.000001	150	149.999989	149.999842	149.996627	100.003365	100.000159	100.000012	100.000002	100.000001	100.000001	100.000001	100.000001	100.000001
150.000001	150.000001	150.000001	150.000001	150.000001	150	149.999989	149.999842	149.996627	100.003365	100.000159	100.000012	100.000002	100.000001	100.000001	100.000001	100.000001	100.000001
150.000001	150.000001	150.000001	150.000001	150.000001	150	149.999989	149.999842	149.996627	100.003365	100.000159	100.000012	100.000002	100.000001	100.000001	100.000001	100.000001	100.000001
150.000001	150.000001	150.000001	150.000001	150.000001	150	149.999989	149.999842	149.996627	100.003365	100.000159	100.000012	100.000001	100.000001	100.000001	100.000001	100.000001	100.000001
150.000001	150.000001	150.000001	150.000001	150	150	149.999989	149.999842	149.996627	100.003365	100.000159	100.000012	100.000001	100.000001	100.000001	100.000001	100.000001	100.000001
150	150	150	150	150	150	149.999989	149.999842	149.996627	100.003365	100.000159	100.000012	100.000001	100.000001	100	100	100	100
150	150	150	150	150	150	149.999989	149.999842	149.996627	100.003365	100.000159	100.000012	100.000001	100.000001	100	100	100	100
150	150	150	150	150	150	149.999989	149.999842	149.996627	100.003365	100.000159	100.000012	100.000001	100	100	100	100	100
150	150	150	150	150	150	149.999989	149.999842	149.996627	100.003365	100.000159	100.000012	100.000001	100	100	100	100	100
150	150	150	150	150	149.999999	149.999989	149.999842	149.996627	100.003365	100.000159	100.000012	100.000001	100	100	100	100	100
150	150	150	150	150	149.999999	149.999989	149.999842	149.996627	100.003365	100.000159	100.000012	100.000001	100	100	100	100	100
150	150	150	150	150	149.999999	149.999989	149.999842	149.996627	100.003365	100.000159	100.000012	100.000001	100	100	100	100	100
150	150	150	150	150	149.999999	149.999989	149.999842	149.996627	100.003365	100.000159	100.000012	100.000001	100	100	100	100	100
150	150	150	150	150	149.999999	149.999988	149.999842	149.996627	100.003365	100.000159	100.000012	100.000001	100	100	100	100	100
150	150	150	150	150	149.999999	149.999988	149.999842	149.996627	100.003365	100.000159	100.000012	100.000001	100	100	100	100	100
150	150	150	150	150	149.999999	149.999988	149.999842	149.996627	100.003365	100.000159	100.000012	100.000001	100	100	100	100	100
150	150	150	150	150	149.999999	149.999988	149.999842	149.996627	100.003365	100.000159	100.000012	100.000001	100	100	100	100	100
150	150	150	150	150	149.999999	149.999988	149.999842	149.996627	100.003365	100.000159	100.000012	100.000001	100	100	100	100	100
150	150	150	150	150	149.999999	149.999988	149.999842	149.996627	100.003365	100.000159	100.000012	100.000001	100	100	100	100	100
150	150	150	150	150	149.999999	149.999988	149.999842	149.996627	100.003365	100.000159	100.000012	100.000001	100	100	100	100	100
150	150	150	150	150	149.999999	149.999988	149.999842	149.996627	100.003365	100.000159	100.000012	100.000001	100	100	100	100	100
150	150	150	150	150	149.999999	149.999988	149.999842	149.996627	100.003365	100.000159	100.000012	100.000001	100	100	100	100	100
150	150	150	150	150	149.999999	149.999988	149.999842	149.996627	100.003365	100.000159	100.000012	100.000001	100	100	100	100	100
150	150	150	150	150	149.999999	149.999988	149.999842	149.996627	100.003365	100.000159	100.000012	100.000001	100	100	100	100	100
150	150	150	150	150	149.999999	149.999988	149.999841	149.996627	100.003365	100.000159	100.000012	100.000001	100	100	100	100	100
150	150	150	150	150	149.999999	149.999988	149.999841	149.996627	100.003365	100.000159	100.000012	100.000001	100	100	100	100	100
150	150	150	150	150	149.999999	149.999988	149.999841	149.996627	100.003365	100.000159	100.000012	100.000001	100	100	100	100	100
150	150	150	150	150	149.999999	149.999988	149.999841	149.996627	100.003365	100.000159	100.000012	100.000001	100	100	100	100	100
150	150	150	150	150	149.999999	149.999988	149.999841	149.996627	100.003365	100.000159	100.000012	100.000001	100	100	100	100	100
150	150	150	150	150	149.999999	149.999988	149.999841	149.996627	100.003365	100.000159	100.000012	100.000001	100	100	100	100	100
150	150	150	150	150	149.999999	149.999988	149.999841	149.996627	100.003365	100.000159	100.000012	100.000001	100	100	100	100	100
150	150	150	150	150	149.999999	149.999988	149.999841	149.996627	100.003364	100.000159	100.000012	100.000001	100	100	100	100	100
150	150	150	150	150	149.999999	149.999988	149.999841	149.996627	100.003364	100.000159	100.000012	100.000001	100	100	100	100	100
150	150	150	150	150	149.999999	149.999988	149.999841	149.996627	100.003364	100.000159	100.000012	100.000001	100	100	100	100	100
150	150	150	150	150	149.999999	149.999988	149.999841	149.996627	100.003364	100.000159	100.000012	100.000001	100	100	100	100	100
150	150	150	150	150	149.999999	149.999988	149.999841	149.996627	100.003364	100.000158	100.000012	100.000001	100	100	100	100	100
150	150	150	150	150	149.999999	149.999988	149.999841	149.996627	100.003364	100.000158	100.000012	100.000001	100	100	100	100	100
150	150	150	150	150	149.999999	149.999988	149.999841	149.996627	100.003364	100.000158	100.000012	100.000001	100	100	100	100	100
150	150	150	150	150	149.999999	149.999988	149.999841	149.996627	100.003364	100.000158	100.000012	100.000001	100	100	100	100	100
150	150	150	150	150	149.999999	149.999988	149.999841	149.996627	100.003364	100.000158	100.000012	100.000001	100	100	100	100	100
