0	0	0	0	0	0	0	0	0	0	0	0	0	0	0	0	0	0	0
1	0.164299053	0.164299053	0.164299053	0.164299053	0.164299053	0.164299052	0.164298964	0.164254381	0.166442889	-2.23E-03	4.36E-05	8.69E-08	1.56E-10	2.78E-13	4.92E-16	8.71E-19	1.54E-21	2.74E-24
2	0.658219545	0.658219545	0.658219545	0.658219545	0.658219545	0.658219544	0.658219394	0.658125172	0.648678393	9.32E-03	9.20E-05	1.47E-07	2.36E-10	3.82E-13	6.16E-16	9.83E-19	1.55E-21	2.41E-24
3	1.64844599	1.64844599	1.64844599	1.64844599	1.64844599	1.64844598	1.64844576	1.64827467	1.60060827	4.74E-02	1.68E-04	2.19E-07	3.28E-10	5.21E-13	8.33E-16	1.33E-18	2.14E-21	3.43E-24
4	3.2362346	3.2362346	3.2362346	3.2362346	3.2362346	3.23623459	3.23623425	3.23590834	3.10724416	0.128312789	3.22E-04	3.40E-07	4.43E-10	6.66E-13	1.05E-15	1.66E-18	2.63E-21	4.18E-24
5	5.46472438	5.46472438	5.46472438	5.46472438	5.46472438	5.46472437	5.46472376	5.46407868	5.19813367	0.265645377	6.40E-04	6.07E-07	6.37E-10	8.45E-13	1.27E-15	1.99E-18	3.13E-21	4.95E-24
6	8.33367323	8.33367323	8.33367323	8.33367323	8.33367323	8.33367323	8.33367198	8.33241005	7.86304658	0.46940454	1.26E-03	1.24E-06	1.09E-09	1.16E-12	1.56E-15	2.34E-18	3.64E-21	5.72E-24
7	11.8178746	11.8178746	11.8178746	11.8178746	11.8178746	11.8178746	11.8178719	11.8155111	11.0701712	0.746200172	2.36E-03	2.69E-06	2.28E-09	1.94E-12	2.07E-15	2.79E-18	4.19E-21	6.51E-24
8	15.8801309	15.8801309	15.8801309	15.8801309	15.8801309	15.8801308	15.8801251	15.87595	14.7785299	1.09981429	4.18E-03	5.74E-06	5.29E-09	4.12E-12	3.42E-15	3.65E-18	4.91E-21	7.36E-24
9	20.4787907	20.4787907	20.4787907	20.4787907	20.4787907	20.4787907	20.478779	20.4717989	18.9449017	1.53181738	6.99E-03	1.17E-05	1.24E-08	1.01E-11	7.40E-15	6.00E-18	6.36E-21	8.53E-24
10	25.5717433	25.5717433	25.5717433	25.5717433	25.5717433	25.5717433	25.5717206	25.5606378	23.5272645	2.04212106	1.11E-02	2.27E-05	2.83E-08	2.55E-11	1.90E-14	1.32E-17	1.05E-20	1.10E-23
11	31.1183925	31.1183925	31.1183925	31.1183925	31.1183925	31.1183924	31.118351	31.1015422	28.4863181	2.62942971	1.69E-02	4.15E-05	6.09E-08	6.28E-11	5.08E-14	3.53E-17	2.37E-20	1.83E-23
12	37.0805475	37.0805475	37.0805475	37.0805475	37.0805475	37.0805473	37.0804753	37.0559854	33.7860225	3.29159244	2.46E-02	7.23E-05	1.24E-07	1.47E-10	1.33E-13	9.89E-17	6.53E-20	4.24E-23
13	43.4227496	43.4227496	43.4227496	43.4227496	43.4227496	43.4227494	43.4226296	43.3881777	39.3936576	4.02587103	3.46E-02	1.20E-04	2.41E-07	3.26E-10	3.31E-13	2.72E-16	1.90E-19	1.21E-22
14	50.1123152	50.1123152	50.1123152	50.1123152	50.1123152	50.1123148	50.1121237	50.0651196	45.2796636	4.82914145	4.72E-02	1.92E-04	4.45E-07	6.88E-10	7.86E-13	7.14E-16	5.44E-19	3.63E-22
15	57.1192408	57.1192408	57.1192408	57.1192408	57.1192408	57.11924	57.1189461	57.0565145	51.417396	5.69804474	6.27E-02	2.95E-04	7.88E-07	1.38E-09	1.78E-12	1.79E-15	1.49E-18	1.07E-21
16	64.4160462	64.4160462	64.4160462	64.4160462	64.4160462	64.4160448	64.4156076	64.3346191	57.7828563	6.62909957	8.15E-02	4.39E-04	1.34E-06	2.67E-09	3.83E-12	4.28E-15	3.91E-18	3.05E-21
17	71.9775954	71.9775954	71.9775954	71.9775954	71.9775954	71.9775932	71.9769616	71.8740678	64.3544284	7.61878583	0.10356141	6.34E-04	2.20E-06	4.94E-09	7.91E-12	9.77E-15	9.80E-18	8.31E-21
18	79.7809135	79.7809135	79.7809135	79.7809135	79.7809135	79.78091	79.7800215	79.6516918	71.1126348	8.66360636	0.129262436	8.93E-04	3.50E-06	8.81E-09	1.57E-11	2.14E-14	2.35E-17	2.17E-20
19	87.8050098	87.8050098	87.8050098	87.8050098	87.8050098	87.8050044	87.8037839	87.6463434	78.0399138	9.76013204	0.158714305	1.23E-03	5.41E-06	1.52E-08	3.01E-11	4.51E-14	5.41E-17	5.41E-20
20	96.0307111	96.0307111	96.0307111	96.0307111	96.030711	96.0307029	96.0290622	95.838729	85.1204208	10.9050342	0.192037452	1.65E-03	8.12E-06	2.54E-08	5.57E-11	9.17E-14	1.20E-16	1.30E-19
21	104.440506	104.440506	104.440506	104.440506	104.440506	104.440494	104.438332	104.211252	92.3398509	12.0951071	0.229317226	2.18E-03	1.19E-05	4.14E-08	9.99E-11	1.80E-13	2.57E-16	3.01E-19
22	113.018404	113.018404	113.018404	113.018404	113.018404	113.018387	113.015587	112.74787	99.68528	13.3272834	0.270605934	2.82E-03	1.71E-05	6.56E-08	1.74E-10	3.44E-13	5.32E-16	6.75E-19
23	121.749802	121.749802	121.749802	121.749802	121.749802	121.749778	121.746211	121.433957	107.145025	14.5986434	0.315925371	3.59E-03	2.40E-05	1.01E-07	2.95E-10	6.36E-13	1.07E-15	1.46E-18
24	130.621366	130.621366	130.621366	130.621366	130.621365	130.621333	130.616854	130.256184	114.708519	15.9064198	0.365269643	4.51E-03	3.30E-05	1.53E-07	4.88E-10	1.14E-12	2.08E-15	3.08E-18
25	139.620917	139.620917	139.620917	139.620917	139.620917	139.620873	139.615328	139.202406	122.366198	17.2479997	0.418608144	5.59E-03	4.46E-05	2.27E-07	7.89E-10	2.01E-12	3.96E-15	6.29E-18
26	148.737339	148.737339	148.737339	148.737339	148.737339	148.73728	148.7305	148.261556	130.109402	18.6209238	0.475888565	6.84E-03	5.94E-05	3.29E-07	1.25E-09	3.44E-12	7.32E-15	1.25E-17
27	157.960478	157.960478	157.960478	157.960478	157.960477	157.9604	157.952204	157.423552	137.930287	20.0228832	0.537039845	8.28E-03	7.78E-05	4.68E-07	1.93E-09	5.76E-12	1.32E-14	2.43E-17
28	167.281063	167.281063	167.281063	167.281063	167.281062	167.280962	167.27116	166.679211	145.821746	21.4517155	0.601975006	9.91E-03	1.01E-04	6.56E-07	2.92E-09	9.45E-12	2.33E-14	4.59E-17
29	176.690628	176.690628	176.690628	176.690628	176.690627	176.6905	176.678891	176.020166	153.777333	22.9053994	0.670593824	1.17E-02	1.28E-04	9.04E-07	4.35E-09	1.52E-11	4.03E-14	8.49E-17
30	186.017144	186.017144	186.017144	186.017144	186.017143	186.016983	186.003359	185.274588	161.62269	24.5452564	0.901522016	0.172612739	0.158983916	0.158823644	0.158822424	0.158822417	0.158822417	0.158822437
31	195.088231	195.088231	195.088231	195.088231	195.08823	195.08803	195.072176	194.270137	169.218604	26.4978621	1.45452783	0.652340123	0.636479987	0.636280535	0.636278902	0.636278893	0.636278893	0.636278914
32	203.730759	203.730759	203.730759	203.730759	203.730756	203.730511	203.712204	202.833853	176.418719	28.8976055	2.49056965	1.61205851	1.59374551	1.59349995	1.5934978	1.59349779	1.59349779	1.59349781
33	211.837585	211.837585	211.837585	211.837585	211.837582	211.837283	211.816297	210.858825	183.149359	31.8088469	4.10729777	3.14965416	3.12866223	3.12836294	3.12836013	3.12836011	3.12836011	3.12836014
34	219.360196	219.360196	219.360196	219.360196	219.360193	219.359832	219.335939	218.296843	189.39015	35.2451066	6.34610925	5.30683204	5.28293192	5.28257054	5.28256692	5.2825669	5.2825669	5.28256694
35	226.293929	226.293929	226.293929	226.293929	226.293924	226.293492	226.26646	225.14364	195.157376	39.1851802	9.20637201	8.08336057	8.05632126	8.05588877	8.05588415	8.05588412	8.05588412	8.0558842
36	232.659507	232.659507	232.659507	232.659507	232.659501	232.658988	232.628587	231.42044	200.485962	43.5904921	12.6632206	11.4548744	11.4244647	11.4239513	11.4239455	11.4239455	11.4239455	11.4239456
37	238.490038	238.490038	238.490038	238.490038	238.49003	238.489426	238.455426	237.160945	205.417569	48.4165271	16.6801018	15.3854146	15.351405	15.3508005	15.3507932	15.3507932	15.3507932	15.3507933
38	243.823435	243.823435	243.823435	243.823435	243.823426	243.82272	243.784894	242.403746	209.994232	53.6188984	21.2160751	19.8347157	19.7968802	19.7961734	19.7961645	19.7961644	19.7961644	19.7961646
39	248.6984	248.6984	248.6984	248.6984	248.698389	248.697568	248.655697	247.188283	214.255434	59.1561159	26.2296952	24.7620649	24.7201835	24.719363	24.719352	24.7193519	24.7193519	24.7193522
40	253.152411	253.152411	253.152411	253.152411	253.152398	253.151451	253.105324	251.552809	218.236991	64.9906012	31.680945	30.1282114	30.0820728	30.0811263	30.0811129	30.0811127	30.0811127	30.0811131
41	257.220816	257.220816	257.220816	257.220816	257.2208	257.219715	257.169131	255.533455	221.970834	71.088851	37.5321221	35.8962266	35.8456306	35.8445455	35.8445294	35.8445292	35.8445292	35.8445297
42	260.936476	260.936476	260.936476	260.936475	260.936456	260.93522	260.879993	259.163855	225.485191	77.4212214	43.7481782	42.0318197	41.9765807	41.9753442	41.9753248	41.9753246	41.9753246	41.9753252
43	264.329702	264.329702	264.329702	264.329701	264.329679	264.328277	264.26824	262.475058	228.804924	83.9615686	50.2967814	48.5033792	48.4433294	48.441928	48.441905	48.4419047	48.4419047	48.4419054
44	267.428332	267.428332	267.428332	267.428332	267.428305	267.426725	267.361731	265.495589	231.951904	90.6868556	57.1482407	55.2818813	55.2168735	55.2152935	55.2152664	55.2152661	55.2152661	55.2152668
45	270.257869	270.257869	270.257869	270.257869	270.257837	270.256065	270.18599	268.251577	234.945376	97.5767761	64.2753668	62.3407382	62.2706491	62.2688768	62.268845	62.2688446	62.2688446	62.2688455
46	272.841643	272.841643	272.841643	272.841643	272.841606	272.839628	272.764375	270.766905	237.802288	104.613412	71.6533071	69.6556252	69.5803581	69.5783798	69.5783427	69.5783422	69.5783422	69.5783431
47	275.20098	275.20098	275.20098	275.20098	275.200937	275.198739	275.118241	273.063379	240.537589	111.780934	79.2593736	77.2043042	77.1237914	77.1215933	77.1215503	77.1215497	77.1215498	77.1215507
48	277.355365	277.355365	277.355365	277.355365	277.355315	277.352884	277.267104	275.160886	243.164479	119.065334	87.0728735	84.9664528	84.8806579	84.8782264	84.8781769	84.8781762	84.8781762	84.8781772
49	279.322597	279.322597	279.322596	279.322596	279.322539	279.319861	279.228796	277.07755	245.694632	126.454203	95.0749468	92.9235039	92.832423	92.8297449	92.8296882	92.8296874	92.8296874	92.8296885
50	281.118929	281.118929	281.118929	281.118928	281.118864	281.115927	281.019605	278.829835	248.140461	133.775551	103.089634	100.899674	100.803337	100.800399	100.800335	100.800334	100.800334	100.800335
51	282.759209	282.759209	282.759209	282.759208	282.759135	282.755926	282.654413	280.432807	250.495695	140.875256	110.941446	108.719658	108.618129	108.61492	108.614847	108.614845	108.614845	108.614847
52	284.256991	284.256991	284.256991	284.25699	284.256907	284.253416	284.146809	281.900119	252.756119	147.595829	118.455041	116.208177	116.101554	116.098062	116.097979	116.097978	116.097978	116.097979
53	285.624655	285.624655	285.624655	285.624654	285.624561	285.620776	285.509207	283.244161	254.913268	153.847367	125.519637	123.254425	123.14284	123.139055	123.138962	123.13896	123.13896	123.138961
54	286.873505	286.873505	286.873505	286.873503	286.873399	286.869311	286.752944	284.476158	256.960448	159.59442	132.081841	129.804897	129.688514	129.684426	129.684322	129.68432	129.68432	129.684321
55	288.013861	288.013861	288.013861	288.013859	288.013743	288.009344	287.888375	285.606265	258.893741	164.840721	138.131306	135.849046	135.728061	135.723662	135.723546	135.723544	135.723544	135.723545
56	289.055149	289.055149	289.055149	289.055147	289.055018	289.050302	288.924954	286.643647	260.711883	169.611518	143.682845	141.401395	141.276032	141.271315	141.271186	141.271183	141.271183	141.271184
57	290.005977	290.005977	290.005977	290.005974	290.005832	290.000791	289.871316	287.596569	262.415786	173.941502	148.763794	146.488911	146.35942	146.354379	146.354237	146.354234	146.354234	146.354235
58	290.874202	290.874202	290.874202	290.874198	290.874042	290.868674	290.735345	288.472477	264.008015	177.868048	153.406646	151.143648	151.010305	151.004936	151.004779	151.004776	151.004776	151.004777
59	291.667	291.667	291.667	291.666996	291.666824	291.661126	291.52424	289.27808	265.492303	181.427832	157.645103	155.39882	155.261918	155.256219	155.256047	155.256044	155.256044	155.256044
60	292.390924	292.390924	292.390924	292.39092	292.390732	292.384704	292.24457	290.019423	266.873168	184.655311	161.512091	159.286826	159.146678	159.140648	159.140461	159.140456	159.140456	159.140457
61	293.051958	293.051958	293.051958	293.051953	293.051749	293.04539	292.902336	290.70196	268.15561	187.582154	165.038829	162.838339	162.695271	162.688911	162.688707	162.688702	162.688702	162.688703
62	293.655565	293.655565	293.655565	293.65556	293.655338	293.648652	293.503012	291.330619	269.344895	190.237146	168.254439	166.081936	165.936282	165.929595	165.929373	165.929367	165.929367	165.929368
63	294.206734	294.206734	294.206734	294.206728	294.206488	294.199479	294.051594	291.909856	270.446388	192.646311	171.185851	169.044007	168.896108	168.889098	168.888858	168.888852	168.888852	168.888853
64	294.710021	294.710021	294.710021	294.710014	294.709755	294.70243	294.552642	292.443714	271.465442	194.833111	173.85784	171.748809	171.599008	171.591681	171.591423	171.591416	171.591416	171.591416
65	295.169585	295.169585	295.169584	295.169577	295.169299	295.161665	295.010314	292.935863	272.40731	196.818686	176.293126	174.218576	174.067212	174.059577	174.059299	174.059291	174.059291	174.059291
66	295.589224	295.589224	295.589224	295.589215	295.588918	295.580984	295.428406	293.389647	273.277091	198.622077	178.51251	176.473653	176.321062	176.313127	176.312829	176.312821	176.312821	176.312821
67	295.972408	295.972408	295.972407	295.972398	295.97208	295.963858	295.810378	293.80811	274.079688	200.260449	180.535008	178.532645	178.379153	178.37093	178.370612	178.370602	178.370602	178.370602
68	296.322302	296.322302	296.322302	296.322292	296.321954	296.313454	296.159388	294.19404	274.819783	201.749276	182.377998	180.412556	180.258478	180.249977	180.249639	180.249629	180.249629	180.249629
69	296.6418	296.6418	296.6418	296.641789	296.64143	296.632667	296.478314	294.549982	275.501827	203.102527	184.057346	182.128921	181.974557	181.965793	181.965434	181.965423	181.965423	181.965423
70	296.933542	296.933542	296.933541	296.933529	296.933149	296.924138	296.769783	294.878275	276.130024	204.332813	185.587532	183.695933	183.541566	183.532555	183.532174	183.532162	183.532162	183.532162
71	297.199938	297.199938	297.199938	297.199925	297.199524	297.19028	297.036189	295.181062	276.708334	205.451533	186.981772	185.126555	184.972453	184.963208	184.962807	184.962794	184.962794	184.962793
72	297.443192	297.443192	297.443192	297.443178	297.442755	297.433295	297.279714	295.460316	277.240477	206.468992	188.252118	186.432631	186.279039	186.269578	186.269155	186.269141	186.269141	186.269141
73	297.665313	297.665313	297.665313	297.665298	297.664854	297.655195	297.50235	295.71785	277.729935	207.394517	189.409564	187.624975	187.47212	187.46246	187.462016	187.462001	187.462	187.462
74	297.868138	297.868138	297.868137	297.868121	297.867656	297.857816	297.705912	295.955335	278.179959	208.236549	190.464133	188.713468	188.561554	188.551713	188.551248	188.551232	188.551231	188.551231
75	298.053342	298.053342	298.053342	298.053324	298.052839	298.042835	297.892057	296.174313	278.593583	209.002736	191.424964	189.707132	189.556344	189.54634	189.545854	189.545837	189.545836	189.545836
76	298.222457	298.222457	298.222456	298.222437	298.221932	298.211783	298.062293	296.376203	278.973628	209.700005	192.300386	190.61421	190.46471	190.45456	190.454055	190.454036	190.454035	190.454035
77	298.37688	298.37688	298.376879	298.376859	298.376334	298.366058	298.217999	296.562319	279.322717	210.33464	193.097993	191.442227	191.294158	191.283881	191.283356	191.283336	191.283335	191.283335
78	298.517887	298.517887	298.517887	298.517865	298.517321	298.506936	298.36043	296.73387	279.643283	210.912338	193.824704	192.198058	192.051543	192.041157	192.040612	192.040591	192.04059	192.04059
79	298.646645	298.646645	298.646644	298.646622	298.646058	298.635583	298.490732	296.891976	279.937582	211.438266	194.486825	192.887982	192.743123	192.732646	192.732083	192.73206	192.732059	192.732059
80	298.764217	298.764217	298.764216	298.764192	298.763611	298.753061	298.609951	297.03767	280.207702	211.917117	195.0901	193.517733	193.374614	193.364064	193.363482	193.363458	193.363457	193.363457
81	298.871575	298.871575	298.871574	298.871549	298.87095	298.860344	298.719042	297.171907	280.455576	212.353147	195.639766	194.092546	193.951235	193.940628	193.940029	193.940004	193.940003	193.940003
82	298.969606	298.969606	298.969605	298.969578	298.968963	298.958317	298.818873	297.295571	280.682988	212.750225	196.140592	194.617204	194.477752	194.467105	194.466489	194.466463	194.466462	194.466461
83	299.059121	299.059121	299.05912	299.059092	299.058461	299.04779	298.910241	297.409477	280.891588	213.111863	196.596923	195.096073	194.958516	194.947845	194.947214	194.947186	194.947185	194.947184
84	299.140859	299.140859	299.140858	299.140829	299.140183	299.129503	298.993871	297.51438	281.082899	213.441251	197.012719	195.533142	195.397502	195.386821	195.386176	195.386146	195.386145	195.386144
85	299.215497	299.215497	299.215495	299.215464	299.214805	299.204129	299.070424	297.610977	281.258323	213.741291	197.391585	195.932052	195.798339	195.787663	195.787003	195.786972	195.786971	195.78697
86	299.28365	299.28365	299.283649	299.283616	299.282944	299.272286	299.140506	297.699912	281.419154	214.014618	197.736808	196.296128	196.16434	196.153681	196.153009	196.152976	196.152975	196.152975
87	299.345882	299.345882	299.345881	299.345847	299.345163	299.334535	299.204669	297.78178	281.566584	214.263628	198.051379	196.628406	196.498532	196.487903	196.487218	196.487184	196.487183	196.487183
88	299.402708	299.402708	299.402707	299.402672	299.401977	299.391389	299.263417	297.857133	281.701712	214.490501	198.338026	196.931657	196.803677	196.793089	196.792393	196.792358	196.792357	196.792357
89	299.454598	299.454598	299.454596	299.45456	299.453855	299.443319	299.317212	297.926478	281.825547	214.697217	198.599233	197.208414	197.082299	197.071762	197.071057	197.071021	197.071019	197.071019
90	299.501979	299.501979	299.501978	299.50194	299.501226	299.490751	299.366474	297.990285	281.939019	214.88558	198.83726	197.460987	197.336701	197.326226	197.325512	197.325474	197.325473	197.325472
91	299.545245	299.545244	299.545243	299.545204	299.544482	299.534077	299.411588	298.048989	282.042983	215.057229	199.05417	197.691486	197.568989	197.558583	197.557861	197.557822	197.557821	197.55782
92	299.584751	299.584751	299.584749	299.584709	299.583981	299.573652	299.452907	298.102989	282.138226	215.213657	199.25184	197.901836	197.781083	197.770754	197.770025	197.769985	197.769983	197.769983
93	299.620826	299.620826	299.620824	299.620783	299.620048	299.609803	299.490751	298.152655	282.225469	215.35622	199.431979	198.093798	197.974738	197.964493	197.963758	197.963717	197.963715	197.963714
94	299.653766	299.653766	299.653764	299.653722	299.652982	299.642827	299.525415	298.19833	282.305377	215.486154	199.596146	198.268975	198.151555	198.1414	198.14066	198.140618	198.140616	198.140615
95	299.683845	299.683845	299.683843	299.6838	299.683056	299.672995	299.557168	298.240328	282.378559	215.604583	199.745759	198.428834	198.312999	198.302938	198.302194	198.302151	198.302149	198.302148
96	299.711311	299.711311	299.711309	299.711264	299.710518	299.700556	299.586255	298.27894	282.445575	215.712533	199.882113	198.574712	198.460405	198.450442	198.449695	198.449651	198.449649	198.449648
97	299.736391	299.73639	299.736388	299.736343	299.735594	299.725734	299.612902	298.314435	282.50694	215.810933	200.006384	198.707831	198.594992	198.585131	198.584382	198.584337	198.584334	198.584334
98	299.759291	299.759291	299.759289	299.759243	299.758493	299.748737	299.637314	298.34706	282.563126	215.900633	200.119645	198.829305	198.717875	198.708118	198.707368	198.707322	198.70732	198.707319
99	299.780203	299.780203	299.7802	299.780153	299.779403	299.769753	299.65968	298.377043	282.614566	215.982406	200.222873	198.940151	198.830071	198.82042	198.81967	198.819623	198.81962	198.81962
100	299.799298	299.799297	299.799295	299.799247	299.798497	299.788955	299.680172	298.404596	282.661656	216.056955	200.31696	199.041299	198.932508	198.922966	198.922216	198.922168	198.922165	198.922165
101	299.816733	299.816733	299.816731	299.816682	299.815933	299.806499	299.698947	298.429912	282.704763	216.124921	200.402716	199.133597	199.026036	199.016602	199.015853	199.015804	199.015801	199.015801
102	299.832655	299.832655	299.832652	299.832602	299.831855	299.82253	299.716149	298.45317	282.74422	216.186887	200.480881	199.217817	199.111428	199.102102	199.101355	199.101306	199.101303	199.101303
103	299.847193	299.847193	299.84719	299.84714	299.846395	299.837178	299.731912	298.474535	282.780333	216.243385	200.552128	199.294666	199.189392	199.180175	199.17943	199.17938	199.179377	199.179377
104	299.860468	299.860468	299.860465	299.860414	299.859672	299.850563	299.746355	298.494158	282.813385	216.294899	200.617071	199.364789	199.260573	199.251464	199.250722	199.250671	199.250668	199.250668
105	299.87259	299.872589	299.872587	299.872535	299.871797	299.862794	299.75959	298.512181	282.843633	216.341871	200.676268	199.428774	199.325562	199.316559	199.31582	199.315769	199.315766	199.315766
106	299.883658	299.883658	299.883655	299.883604	299.882869	299.873972	299.771717	298.528731	282.871313	216.384703	200.730228	199.487157	199.384895	199.375998	199.375263	199.375211	199.375208	199.375208
107	299.893765	299.893765	299.893762	299.89371	299.89298	299.884186	299.78283	298.543928	282.896642	216.423759	200.779417	199.54043	199.439067	199.430272	199.429542	199.42949	199.429487	199.429486
108	299.902994	299.902994	299.902991	299.902939	299.902213	299.893521	299.793014	298.557881	282.919818	216.459375	200.824256	199.589038	199.488524	199.479831	199.479105	199.479053	199.47905	199.479049
109	299.911422	299.911422	299.911418	299.911366	299.910645	299.902052	299.802346	298.57069	282.941023	216.491854	200.865132	199.633391	199.533677	199.525083	199.524363	199.52431	199.524307	199.524307
110	299.919117	299.919117	299.919114	299.919061	299.918345	299.909849	299.810898	298.582448	282.960425	216.521474	200.902395	199.673859	199.574901	199.566404	199.565689	199.565636	199.565633	199.565632
111	299.926144	299.926143	299.92614	299.926087	299.925377	299.916975	299.818735	298.59324	282.978174	216.548486	200.936364	199.710785	199.612537	199.604134	199.603424	199.603371	199.603368	199.603368
112	299.93256	299.93256	299.932556	299.932503	299.931799	299.923488	299.825916	298.603145	282.994413	216.573121	200.967333	199.744476	199.646897	199.638586	199.637882	199.637829	199.637825	199.637825
113	299.938419	299.938418	299.938415	299.938362	299.937664	299.929442	299.832498	298.612235	283.009267	216.595589	200.995566	199.775218	199.678266	199.670043	199.669346	199.669292	199.669289	199.669289
114	299.943768	299.943768	299.943765	299.943712	299.94302	299.934883	299.838529	298.620576	283.022856	216.616081	201.021305	199.803267	199.706905	199.698768	199.698076	199.698023	199.698019	199.698019
115	299.948654	299.948653	299.94865	299.948597	299.947911	299.939857	299.844056	298.628229	283.035286	216.63477	201.044771	199.828859	199.733051	199.724996	199.72431	199.724257	199.724254	199.724253
116	299.953114	299.953114	299.953111	299.953057	299.952378	299.944404	299.849121	298.635251	283.046655	216.651817	201.066165	199.85221	199.75692	199.748945	199.748266	199.748213	199.748209	199.748209
117	299.957187	299.957187	299.957184	299.957131	299.956458	299.94856	299.853763	298.641692	283.057054	216.667365	201.085671	199.873516	199.778711	199.770813	199.77014	199.770087	199.770083	199.770083
118	299.960907	299.960907	299.960903	299.96085	299.960184	299.952359	299.858016	298.647601	283.066565	216.681547	201.103455	199.892955	199.798605	199.79078	199.790114	199.790061	199.790057	199.790057
119	299.964303	299.964303	299.964299	299.964246	299.963587	299.955832	299.861914	298.653022	283.075264	216.694483	201.11967	199.910692	199.816767	199.809012	199.808352	199.808299	199.808296	199.808296
120	299.967404	299.967404	299.9674	299.967348	299.966694	299.959008	299.865486	298.657993	283.08322	216.706283	201.134454	199.926875	199.833347	199.82566	199.825006	199.824954	199.82495	199.82495
121	299.970236	299.970236	299.970232	299.97018	299.969533	299.96191	299.86876	298.662552	283.090496	216.717047	201.147934	199.941641	199.848483	199.840861	199.840214	199.840161	199.840157	199.840157
122	299.972822	299.972821	299.972818	299.972766	299.972125	299.964564	299.87176	298.666733	283.097149	216.726865	201.160225	199.955113	199.862301	199.85474	199.8541	199.854047	199.854044	199.854043
123	299.975183	299.975182	299.975179	299.975127	299.974492	299.966991	299.874508	298.670567	283.103234	216.735821	201.171432	199.967406	199.874916	199.867414	199.866779	199.866727	199.866724	199.866723
124	299.977339	299.977338	299.977335	299.977283	299.976655	299.969209	299.877027	298.674082	283.108798	216.743992	201.181651	199.978621	199.886432	199.878986	199.878357	199.878306	199.878302	199.878302
125	299.979307	299.979307	299.979303	299.979252	299.97863	299.971237	299.879336	298.677306	283.113886	216.751445	201.190969	199.988854	199.896945	199.889552	199.888929	199.888878	199.888874	199.888874
126	299.981105	299.981105	299.981101	299.98105	299.980434	299.973092	299.881451	298.680261	283.118538	216.758244	201.199466	199.99819	199.906542	199.8992	199.898583	199.898532	199.898528	199.898528
127	299.982747	299.982746	299.982742	299.982692	299.982081	299.974787	299.883389	298.68297	283.122792	216.764447	201.207213	200.006709	199.915303	199.908009	199.907398	199.907347	199.907344	199.907343
128	299.984245	299.984245	299.984241	299.984191	299.983586	299.976337	299.885165	298.685453	283.126682	216.770106	201.214278	200.014481	199.923302	199.916052	199.915447	199.915397	199.915393	199.915393
129	299.985614	299.985614	299.98561	299.98556	299.984961	299.977755	299.886793	298.68773	283.130238	216.775268	201.220721	200.021572	199.930603	199.923397	199.922797	199.922747	199.922743	199.922743
130	299.986864	299.986864	299.98686	299.98681	299.986216	299.979051	299.888284	298.689816	283.13349	216.779978	201.226596	200.028043	199.937268	199.930103	199.929508	199.929459	199.929455	199.929455
131	299.988005	299.988005	299.988001	299.987952	299.987363	299.980237	299.88965	298.691729	283.136463	216.784275	201.231953	200.033946	199.943352	199.936226	199.935636	199.935587	199.935584	199.935583
132	299.989047	299.989047	299.989043	299.988994	299.98841	299.981321	299.890902	298.693481	283.139181	216.788195	201.236839	200.039332	199.948907	199.941817	199.941232	199.941184	199.94118	199.941179
133	299.989999	299.989998	299.989995	299.989946	299.989367	299.982312	299.892049	298.695087	283.141666	216.791771	201.241294	200.044247	199.953977	199.946921	199.946342	199.946294	199.94629	199.946289
134	299.990867	299.990867	299.990863	299.990816	299.990241	299.983218	299.8931	298.696559	283.143938	216.795034	201.245357	200.048731	199.958606	199.951582	199.951008	199.95096	199.950956	199.950956
135	299.991661	299.991661	299.991657	299.991609	299.991039	299.984047	299.894063	298.697908	283.146015	216.798012	201.249062	200.052822	199.962831	199.955838	199.955268	199.95522	199.955217	199.955216
136	299.992385	299.992385	299.992381	299.992334	299.991768	299.984805	299.894946	298.699144	283.147913	216.800728	201.252442	200.056554	199.966688	199.959724	199.959158	199.959111	199.959107	199.959107
137	299.993047	299.993047	299.993043	299.992996	299.992434	299.985498	299.895754	298.700276	283.149649	216.803206	201.255523	200.05996	199.970209	199.963272	199.96271	199.962663	199.96266	199.962659
138	299.993651	299.993651	299.993647	299.993601	299.993043	299.986132	299.896495	298.701314	283.151236	216.805468	201.258334	200.063067	199.973423	199.966511	199.965954	199.965907	199.965904	199.965903
139	299.994202	299.994202	299.994198	299.994153	299.993599	299.986712	299.897173	298.702264	283.152686	216.807531	201.260897	200.065903	199.976357	199.969469	199.968915	199.968869	199.968866	199.968865
140	299.994706	299.994706	299.994702	299.994657	299.994106	299.987242	299.897795	298.703135	283.154012	216.809413	201.263235	200.068489	199.979035	199.97217	199.97162	199.971574	199.971571	199.97157
141	299.995166	299.995166	299.995162	299.995117	299.99457	299.987727	299.898364	298.703932	283.155224	216.811131	201.265367	200.07085	199.98148	199.974636	199.974089	199.974044	199.97404	199.97404
142	299.995586	299.995586	299.995582	299.995537	299.994994	299.988171	299.898886	298.704663	283.156332	216.812698	201.267311	200.073003	199.983711	199.976887	199.976344	199.976299	199.976296	199.976295
143	299.995969	299.995969	299.995966	299.995921	299.995381	299.988576	299.899364	298.705332	283.157345	216.814129	201.269085	200.074968	199.985749	199.978943	199.978403	199.978359	199.978355	199.978355
144	299.99632	299.996319	299.996316	299.996272	299.995735	299.988947	299.899802	298.705945	283.15827	216.815434	201.270703	200.076761	199.987608	199.98082	199.980283	199.980239	199.980235	199.980235
145	299.996639	299.996639	299.996635	299.996592	299.996058	299.989286	299.900203	298.706507	283.159116	216.816624	201.272178	200.078396	199.989306	199.982534	199.982	199.981956	199.981952	199.981952
146	299.996931	299.996931	299.996927	299.996884	299.996353	299.989597	299.900571	298.707021	283.15989	216.817711	201.273523	200.079889	199.990855	199.984099	199.983567	199.983524	199.98352	199.98352
147	299.997198	299.997198	299.997194	299.997151	299.996622	299.989881	299.900907	298.707492	283.160597	216.818702	201.274751	200.08125	199.99227	199.985527	199.984999	199.984956	199.984952	199.984952
148	299.997441	299.997441	299.997438	299.997395	299.996869	299.99014	299.901215	298.707923	283.161243	216.819607	201.27587	200.082493	199.993561	199.986832	199.986306	199.986263	199.986259	199.986259
149	299.997664	299.997663	299.99766	299.997617	299.997094	299.990378	299.901498	298.708318	283.161833	216.820433	201.276891	200.083626	199.994739	199.988023	199.987499	199.987457	199.987453	199.987453
150	299.997867	299.997866	299.997863	299.997821	299.997299	299.990595	299.901757	298.70868	283.162373	216.821186	201.277823	200.084661	199.995815	199.98911	199.988589	199.988547	199.988543	199.988543
151	299.998052	299.998052	299.998048	299.998006	299.997487	299.990794	299.901993	298.709011	283.162866	216.821873	201.278672	200.085604	199.996797	199.990103	199.989584	199.989542	199.989538	199.989538
152	299.998221	299.998221	299.998217	299.998176	299.997658	299.990975	299.902211	298.709314	283.163317	216.822501	201.279447	200.086466	199.997693	199.99101	199.990492	199.990451	199.990447	199.990447
153	299.998376	299.998375	299.998372	299.998331	299.997815	299.991142	299.902409	298.709592	283.163729	216.823073	201.280154	200.087251	199.998512	199.991837	199.991322	199.991281	199.991277	199.991277
154	299.998517	299.998517	299.998513	299.998472	299.997958	299.991294	299.902591	298.709846	283.164105	216.823595	201.280798	200.087968	199.999258	199.992593	199.992079	199.992038	199.992035	199.992035
155	299.998646	299.998645	299.998642	299.998601	299.998089	299.991433	299.902758	298.710079	283.164449	216.824072	201.281386	200.088622	199.99994	199.993283	199.992771	199.99273	199.992727	199.992727
156	299.998763	299.998763	299.99876	299.998719	299.998209	299.99156	299.902911	298.710292	283.164764	216.824507	201.281923	200.089219	200.000563	199.993913	199.993403	199.993362	199.993359	199.993359
157	299.998871	299.99887	299.998867	299.998827	299.998318	299.991676	299.903051	298.710487	283.165051	216.824904	201.282412	200.089763	200.001131	199.994488	199.993979	199.993939	199.993936	199.993936
158	299.998969	299.998969	299.998965	299.998925	299.998418	299.991783	299.903179	298.710666	283.165314	216.825266	201.282858	200.09026	200.001649	199.995013	199.994506	199.994466	199.994463	199.994462
159	299.999058	299.999058	299.999055	299.999015	299.998509	299.99188	299.903296	298.710829	283.165554	216.825597	201.283266	200.090714	200.002122	199.995493	199.994987	199.994947	199.994944	199.994943
160	299.99914	299.99914	299.999137	299.999097	299.998592	299.991969	299.903404	298.710979	283.165773	216.825899	201.283637	200.091127	200.002554	199.995931	199.995426	199.995386	199.995383	199.995383
161	299.999215	299.999215	299.999211	299.999172	299.998669	299.992051	299.903502	298.711116	283.165974	216.826174	201.283976	200.091505	200.002949	199.99633	199.995827	199.995787	199.995784	199.995784
162	299.999283	299.999283	299.99928	299.99924	299.998738	299.992125	299.903592	298.711242	283.166157	216.826425	201.284285	200.091849	200.003309	199.996695	199.996193	199.996154	199.99615	199.99615
163	299.999345	299.999345	299.999342	299.999303	299.998802	299.992193	299.903675	298.711356	283.166325	216.826655	201.284567	200.092163	200.003637	199.997028	199.996527	199.996488	199.996485	199.996485
164	299.999402	299.999402	299.999399	299.99936	299.99886	299.992256	299.90375	298.711461	283.166478	216.826864	201.284824	200.09245	200.003937	199.997333	199.996832	199.996793	199.99679	199.99679
165	299.999454	299.999454	299.999451	299.999412	299.998913	299.992313	299.903819	298.711558	283.166617	216.827055	201.285059	200.092712	200.004211	199.99761	199.997111	199.997072	199.997069	199.997069
166	299.999502	299.999501	299.999498	299.99946	299.998961	299.992365	299.903883	298.711646	283.166745	216.827229	201.285273	200.09295	200.004461	199.997864	199.997366	199.997327	199.997324	199.997324
167	299.999545	299.999545	299.999542	299.999503	299.999006	299.992413	299.903941	298.711726	283.166862	216.827388	201.285468	200.093168	200.004689	199.998095	199.997598	199.997559	199.997556	199.997556
168	299.999584	299.999584	299.999581	299.999543	299.999046	299.992456	299.903994	298.7118	283.166968	216.827534	201.285646	200.093367	200.004897	199.998307	199.99781	199.997772	199.997769	199.997768
169	299.999621	299.99962	299.999617	299.999579	299.999083	299.992496	299.904042	298.711867	283.167066	216.827666	201.285808	200.093548	200.005087	199.9985	199.998004	199.997966	199.997962	199.997962
170	299.999653	299.999653	299.99965	299.999612	299.999117	299.992533	299.904087	298.711929	283.167155	216.827787	201.285957	200.093714	200.005261	199.998676	199.998181	199.998143	199.99814	199.998139
171	299.999684	299.999683	299.99968	299.999642	299.999148	299.992566	299.904128	298.711986	283.167236	216.827897	201.286092	200.093865	200.005419	199.998837	199.998342	199.998304	199.998301	199.998301
172	299.999711	299.999711	299.999708	299.99967	299.999176	299.992597	299.904165	298.712037	283.167311	216.827998	201.286215	200.094002	200.005563	199.998984	199.99849	199.998452	199.998449	199.998449
173	299.999736	299.999736	299.999733	299.999695	299.999202	299.992625	299.904199	298.712085	283.167379	216.82809	201.286328	200.094128	200.005695	199.999118	199.998624	199.998587	199.998584	199.998583
174	299.999759	299.999759	299.999756	299.999718	299.999225	299.99265	299.904231	298.712128	283.167441	216.828174	201.286431	200.094243	200.005816	199.99924	199.998747	199.99871	199.998707	199.998706
175	299.99978	299.99978	299.999777	299.999739	299.999247	299.992674	299.904259	298.712168	283.167498	216.82825	201.286524	200.094347	200.005926	199.999352	199.99886	199.998822	199.998819	199.998819
176	299.999799	299.999799	299.999796	299.999758	299.999267	299.992695	299.904285	298.712204	283.167549	216.82832	201.28661	200.094443	200.006026	199.999454	199.998962	199.998925	199.998922	199.998921
177	299.999817	299.999816	299.999813	299.999776	299.999285	299.992715	299.90431	298.712237	283.167597	216.828384	201.286688	200.09453	200.006117	199.999547	199.999056	199.999018	199.999015	199.999015
178	299.999833	299.999832	299.999829	299.999792	299.999301	299.992733	299.904331	298.712268	283.16764	216.828442	201.286759	200.09461	200.006201	199.999632	199.999141	199.999104	199.999101	199.999101
179	299.999847	299.999847	299.999844	299.999807	299.999316	299.992749	299.904352	298.712295	283.16768	216.828495	201.286824	200.094682	200.006277	199.99971	199.999219	199.999182	199.999179	199.999179
180	299.99986	299.99986	299.999857	299.99982	299.99933	299.992764	299.90437	298.712321	283.167716	216.828544	201.286883	200.094748	200.006347	199.999781	199.99929	199.999253	199.99925	199.99925
181	299.999872	299.999872	299.999869	299.999832	299.999342	299.992778	299.904387	298.712344	283.167749	216.828588	201.286937	200.094809	200.006411	199.999846	199.999355	199.999318	199.999316	199.999315
182	299.999884	299.999883	299.99988	299.999843	299.999354	299.99279	299.904402	298.712365	283.167779	216.828629	201.286986	200.094864	200.006469	199.999905	199.999415	199.999378	199.999375	199.999375
183	299.999894	299.999893	299.999891	299.999854	299.999364	299.992802	299.904417	298.712385	283.167806	216.828666	201.287031	200.094914	200.006521	199.999959	199.999469	199.999432	199.999429	199.999429
184	299.999903	299.999903	299.9999	299.999863	299.999374	299.992812	299.904429	298.712403	283.167832	216.828699	201.287072	200.09496	200.00657	200.000008	199.999519	199.999482	199.999479	199.999479
185	299.999911	299.999911	299.999908	299.999871	299.999383	299.992822	299.904441	298.712419	283.167855	216.82873	201.28711	200.095002	200.006614	200.000053	199.999564	199.999527	199.999524	199.999524
186	299.999919	299.999919	299.999916	299.999879	299.999391	299.992831	299.904452	298.712434	283.167876	216.828758	201.287144	200.09504	200.006654	200.000094	199.999605	199.999568	199.999566	199.999565
187	299.999926	299.999926	299.999923	299.999886	299.999398	299.992839	299.904462	298.712447	283.167895	216.828784	201.287175	200.095075	200.006691	200.000131	199.999643	199.999606	199.999603	199.999603
188	299.999932	299.999932	299.999929	299.999893	299.999405	299.992846	299.904471	298.71246	283.167912	216.828807	201.287203	200.095107	200.006724	200.000166	199.999677	199.999641	199.999638	199.999638
189	299.999938	299.999938	299.999935	299.999899	299.999411	299.992853	299.904479	298.712471	283.167928	216.828828	201.287229	200.095136	200.006755	200.000197	199.999709	199.999672	199.999669	199.999669
190	299.999944	299.999943	299.999941	299.999904	299.999416	299.992859	299.904487	298.712482	283.167943	216.828848	201.287253	200.095162	200.006783	200.000225	199.999737	199.999701	199.999698	199.999698
191	299.999949	299.999948	299.999946	299.999909	299.999421	299.992865	299.904494	298.712491	283.167956	216.828865	201.287275	200.095187	200.006809	200.000251	199.999764	199.999727	199.999724	199.999724
192	299.999953	299.999953	299.99995	299.999914	299.999426	299.99287	299.9045	298.7125	283.167969	216.828882	201.287294	200.095209	200.006832	200.000275	199.999788	199.999751	199.999748	199.999748
193	299.999957	299.999957	299.999954	299.999918	299.99943	299.992875	299.904506	298.712508	283.16798	216.828896	201.287312	200.095229	200.006853	200.000297	199.999809	199.999773	199.99977	199.99977
194	299.999961	299.999961	299.999958	299.999921	299.999434	299.992879	299.904512	298.712515	283.16799	216.82891	201.287329	200.095247	200.006873	200.000317	199.999829	199.999793	199.99979	199.99979
195	299.999964	299.999964	299.999961	299.999925	299.999438	299.992883	299.904516	298.712522	283.167999	216.828922	201.287344	200.095264	200.00689	200.000335	199.999848	199.999811	199.999808	199.999808
196	299.999967	299.999967	299.999964	299.999928	299.999441	299.992886	299.904521	298.712528	283.168008	216.828934	201.287357	200.095279	200.006906	200.000351	199.999864	199.999828	199.999825	199.999825
197	299.99997	299.99997	299.999967	299.999931	299.999444	299.99289	299.904525	298.712534	283.168016	216.828944	201.28737	200.095293	200.006921	200.000366	199.999879	199.999843	199.99984	199.99984
198	299.999973	299.999973	299.99997	299.999933	299.999447	299.992893	299.904529	298.712539	283.168023	216.828953	201.287381	200.095306	200.006935	200.00038	199.999893	199.999857	199.999854	199.999854
199	299.999975	299.999975	299.999972	299.999936	299.999449	299.992895	299.904532	298.712543	283.168029	216.828962	201.287392	200.095317	200.006947	200.000393	199.999906	199.99987	199.999867	199.999867
200	299.999977	299.999977	299.999974	299.999938	299.999451	299.992898	299.904535	298.712548	283.168035	216.82897	201.287401	200.095328	200.006958	200.000404	199.999917	199.999881	199.999878	199.999878
201	299.999979	299.999979	299.999976	299.99994	299.999453	299.9929	299.904538	298.712552	283.168041	216.828977	201.28741	200.095338	200.006968	200.000415	199.999928	199.999892	199.999889	199.999889
202	299.999981	299.999981	299.999978	299.999942	299.999455	299.992902	299.904541	298.712555	283.168046	216.828983	201.287418	200.095347	200.006978	200.000424	199.999938	199.999901	199.999899	199.999898
203	299.999983	299.999983	299.99998	299.999944	299.999457	299.992904	299.904543	298.712558	283.16805	216.828989	201.287425	200.095355	200.006986	200.000433	199.999946	199.99991	199.999908	199.999907
204	299.999984	299.999984	299.999981	299.999945	299.999459	299.992906	299.904545	298.712561	283.168054	216.828995	201.287431	200.095362	200.006994	200.000441	199.999955	199.999918	199.999916	199.999915
205	299.999986	299.999985	299.999983	299.999946	299.99946	299.992908	299.904547	298.712564	283.168058	216.828999	201.287437	200.095369	200.007001	200.000448	199.999962	199.999926	199.999923	199.999923
206	299.999987	299.999987	299.999984	299.999948	299.999461	299.992909	299.904549	298.712567	283.168062	216.829004	201.287443	200.095375	200.007008	200.000455	199.999969	199.999932	199.99993	199.999929
207	299.999988	299.999988	299.999985	299.999949	299.999463	299.992911	299.904551	298.712569	283.168065	216.829008	201.287448	200.09538	200.007014	200.000461	199.999975	199.999938	199.999936	199.999936
208	299.999989	299.999989	299.999986	299.99995	299.999464	299.992912	299.904553	298.712571	283.168068	216.829012	201.287452	200.095385	200.007019	200.000466	199.99998	199.999944	199.999941	199.999941
209	299.99999	299.99999	299.999987	299.999951	299.999465	299.992913	299.904554	298.712573	283.16807	216.829015	201.287456	200.09539	200.007024	200.000472	199.999985	199.999949	199.999946	199.999946
210	299.999991	299.999991	299.999988	299.999952	299.999466	299.992914	299.904555	298.712575	283.168073	216.829018	201.28746	200.095394	200.007028	200.000476	199.99999	199.999954	199.999951	199.999951
211	299.999992	299.999991	299.999989	299.999953	299.999467	299.992915	299.904556	298.712576	283.168075	216.829021	201.287464	200.095398	200.007032	200.00048	199.999994	199.999958	199.999955	199.999955
212	299.999992	299.999992	299.999989	299.999953	299.999467	299.992916	299.904558	298.712578	283.168077	216.829024	201.287467	200.095402	200.007036	200.000484	199.999998	199.999962	199.999959	199.999959
213	299.999993	299.999993	299.99999	299.999954	299.999468	299.992917	299.904559	298.712579	283.168079	216.829026	201.28747	200.095405	200.00704	200.000488	200.000002	199.999966	199.999963	199.999963
214	299.999994	299.999993	299.999991	299.999955	299.999469	299.992917	299.904559	298.71258	283.16808	216.829028	201.287472	200.095408	200.007043	200.000491	200.000005	199.999969	199.999966	199.999966
215	299.999994	299.999994	299.999991	299.999955	299.999469	299.992918	299.90456	298.712581	283.168082	216.82903	201.287475	200.095411	200.007046	200.000494	200.000008	199.999972	199.999969	199.999969
216	299.999995	299.999994	299.999992	299.999956	299.99947	299.992919	299.904561	298.712583	283.168083	216.829032	201.287477	200.095413	200.007048	200.000497	200.000011	199.999974	199.999972	199.999972
217	299.999995	299.999995	299.999992	299.999956	299.99947	299.992919	299.904562	298.712583	283.168084	216.829034	201.287479	200.095415	200.007051	200.000499	200.000013	199.999977	199.999974	199.999974
218	299.999996	299.999995	299.999993	299.999957	299.999471	299.99292	299.904562	298.712584	283.168086	216.829035	201.287481	200.095417	200.007053	200.000501	200.000015	199.999979	199.999976	199.999976
219	299.999996	299.999996	299.999993	299.999957	299.999471	299.99292	299.904563	298.712585	283.168087	216.829037	201.287482	200.095419	200.007055	200.000503	200.000017	199.999981	199.999979	199.999978
220	299.999996	299.999996	299.999993	299.999957	299.999471	299.992921	299.904563	298.712586	283.168088	216.829038	201.287484	200.095421	200.007057	200.000505	200.000019	199.999983	199.99998	199.99998
221	299.999997	299.999996	299.999994	299.999958	299.999472	299.992921	299.904564	298.712586	283.168089	216.829039	201.287485	200.095423	200.007058	200.000507	200.000021	199.999985	199.999982	199.999982
222	299.999997	299.999997	299.999994	299.999958	299.999472	299.992921	299.904564	298.712587	283.168089	216.82904	201.287487	200.095424	200.00706	200.000508	200.000022	199.999986	199.999984	199.999984
223	299.999997	299.999997	299.999994	299.999958	299.999472	299.992922	299.904565	298.712588	283.16809	216.829041	201.287488	200.095425	200.007061	200.00051	200.000024	199.999988	199.999985	199.999985
224	299.999997	299.999997	299.999995	299.999958	299.999473	299.992922	299.904565	298.712588	283.168091	216.829042	201.287489	200.095426	200.007062	200.000511	200.000025	199.999989	199.999986	199.999986
225	299.999998	299.999997	299.999995	299.999959	299.999473	299.992922	299.904565	298.712589	283.168091	216.829043	201.28749	200.095427	200.007064	200.000512	200.000026	199.99999	199.999988	199.999987
226	299.999998	299.999998	299.999995	299.999959	299.999473	299.992922	299.904566	298.712589	283.168092	216.829044	201.287491	200.095428	200.007065	200.000513	200.000027	199.999991	199.999989	199.999989
227	299.999998	299.999998	299.999995	299.999959	299.999473	299.992923	299.904566	298.712589	283.168093	216.829044	201.287491	200.095429	200.007066	200.000514	200.000028	199.999992	199.99999	199.99999
228	299.999998	299.999998	299.999995	299.999959	299.999474	299.992923	299.904566	298.71259	283.168093	216.829045	201.287492	200.09543	200.007066	200.000515	200.000029	199.999993	199.999991	199.99999
229	299.999998	299.999998	299.999995	299.999959	299.999474	299.992923	299.904567	298.71259	283.168093	216.829045	201.287493	200.095431	200.007067	200.000516	200.00003	199.999994	199.999991	199.999991
230	299.999998	299.999998	299.999996	299.99996	299.999474	299.992923	299.904567	298.71259	283.168094	216.829046	201.287493	200.095432	200.007068	200.000517	200.000031	199.999995	199.999992	199.999992
231	299.999999	299.999998	299.999996	299.99996	299.999474	299.992923	299.904567	298.712591	283.168094	216.829046	201.287494	200.095432	200.007069	200.000517	200.000032	199.999996	199.999993	199.999993
232	299.999999	299.999999	299.999996	299.99996	299.999474	299.992924	299.904567	298.712591	283.168095	216.829047	201.287494	200.095433	200.007069	200.000518	200.000032	199.999996	199.999994	199.999993
233	299.999999	299.999999	299.999996	299.99996	299.999474	299.992924	299.904567	298.712591	283.168095	216.829047	201.287495	200.095433	200.00707	200.000519	200.000033	199.999997	199.999994	199.999994
234	299.999999	299.999999	299.999996	299.99996	299.999474	299.992924	299.904568	298.712591	283.168095	216.829048	201.287495	200.095434	200.00707	200.000519	200.000033	199.999997	199.999995	199.999994
235	299.999999	299.999999	299.999996	299.99996	299.999474	299.992924	299.904568	298.712591	283.168095	216.829048	201.287496	200.095434	200.007071	200.00052	200.000034	199.999998	199.999995	199.999995
236	299.999999	299.999999	299.999996	299.99996	299.999475	299.992924	299.904568	298.712592	283.168096	216.829048	201.287496	200.095435	200.007071	200.00052	200.000034	199.999998	199.999996	199.999995
237	299.999999	299.999999	299.999996	299.99996	299.999475	299.992924	299.904568	298.712592	283.168096	216.829048	201.287496	200.095435	200.007071	200.00052	200.000035	199.999999	199.999996	199.999996
238	299.999999	299.999999	299.999996	299.99996	299.999475	299.992924	299.904568	298.712592	283.168096	216.829049	201.287497	200.095435	200.007072	200.000521	200.000035	199.999999	199.999996	199.999996
239	299.999999	299.999999	299.999996	299.99996	299.999475	299.992924	299.904568	298.712592	283.168096	216.829049	201.287497	200.095436	200.007072	200.000521	200.000035	199.999999	199.999997	199.999996
240	299.999999	299.999999	299.999997	299.99996	299.999475	299.992924	299.904568	298.712592	283.168096	216.829049	201.287497	200.095436	200.007072	200.000521	200.000036	200	199.999997	199.999997
241	299.999999	299.999999	299.999997	299.999961	299.999475	299.992924	299.904568	298.712592	283.168096	216.829049	201.287497	200.095436	200.007073	200.000522	200.000036	200	199.999997	199.999997
242	299.999999	299.999999	299.999997	299.999961	299.999475	299.992924	299.904568	298.712592	283.168097	216.829049	201.287498	200.095436	200.007073	200.000522	200.000036	200	199.999998	199.999997
243	300	299.999999	299.999997	299.999961	299.999475	299.992925	299.904568	298.712592	283.168097	216.82905	201.287498	200.095437	200.007073	200.000522	200.000036	200	199.999998	199.999998
244	300	299.999999	299.999997	299.999961	299.999475	299.992925	299.904568	298.712593	283.168097	216.82905	201.287498	200.095437	200.007073	200.000522	200.000037	200.000001	199.999998	199.999998
245	300	299.999999	299.999997	299.999961	299.999475	299.992925	299.904569	298.712593	283.168097	216.82905	201.287498	200.095437	200.007074	200.000523	200.000037	200.000001	199.999998	199.999998
246	300	299.999999	299.999997	299.999961	299.999475	299.992925	299.904569	298.712593	283.168097	216.82905	201.287498	200.095437	200.007074	200.000523	200.000037	200.000001	199.999998	199.999998
247	300	299.999999	299.999997	299.999961	299.999475	299.992925	299.904569	298.712593	283.168097	216.82905	201.287498	200.095437	200.007074	200.000523	200.000037	200.000001	199.999999	199.999998
248	300	299.999999	299.999997	299.999961	299.999475	299.992925	299.904569	298.712593	283.168097	216.82905	201.287499	200.095437	200.007074	200.000523	200.000037	200.000001	199.999999	199.999998
249	300	300	299.999997	299.999961	299.999475	299.992925	299.904569	298.712593	283.168097	216.82905	201.287499	200.095437	200.007074	200.000523	200.000037	200.000001	199.999999	199.999999
250	300	300	299.999997	299.999961	299.999475	299.992925	299.904569	298.712593	283.168097	216.82905	201.287499	200.095438	200.007074	200.000523	200.000038	200.000002	199.999999	199.999999
251	300	300	299.999997	299.999961	299.999475	299.992925	299.904569	298.712593	283.168097	216.82905	201.287499	200.095438	200.007074	200.000523	200.000038	200.000002	199.999999	199.999999
252	300	300	299.999997	299.999961	299.999475	299.992925	299.904569	298.712593	283.168097	216.829051	201.287499	200.095438	200.007074	200.000523	200.000038	200.000002	199.999999	199.999999
253	300	300	299.999997	299.999961	299.999475	299.992925	299.904569	298.712593	283.168097	216.829051	201.287499	200.095438	200.007075	200.000524	200.000038	200.000002	199.999999	199.999999
254	300	300	299.999997	299.999961	299.999475	299.992925	299.904569	298.712593	283.168097	216.829051	201.287499	200.095438	200.007075	200.000524	200.000038	200.000002	199.999999	199.999999
255	300	300	299.999997	299.999961	299.999475	299.992925	299.904569	298.712593	283.168098	216.829051	201.287499	200.095438	200.007075	200.000524	200.000038	200.000002	199.999999	199.999999
256	300	300	299.999997	299.999961	299.999475	299.992925	299.904569	298.712593	283.168098	216.829051	201.287499	200.095438	200.007075	200.000524	200.000038	200.000002	199.999999	199.999999
257	300	300	299.999997	299.999961	299.999475	299.992925	299.904569	298.712593	283.168098	216.829051	201.287499	200.095438	200.007075	200.000524	200.000038	200.000002	200	199.999999
258	300	300	299.999997	299.999961	299.999475	299.992925	299.904569	298.712593	283.168098	216.829051	201.287499	200.095438	200.007075	200.000524	200.000038	200.000002	200	199.999999
259	300	300	299.999997	299.999961	299.999475	299.992925	299.904569	298.712593	283.168098	216.829051	201.287499	200.095438	200.007075	200.000524	200.000038	200.000002	200	199.999999
260	300	300	299.999997	299.999961	299.999475	299.992925	299.904569	298.712593	283.168098	216.829051	201.287499	200.095438	200.007075	200.000524	200.000038	200.000002	200	199.999999
261	300	300	299.999997	299.999961	299.999475	299.992925	299.904569	298.712593	283.168098	216.829051	201.287499	200.095438	200.007075	200.000524	200.000038	200.000002	200	200
262	300	300	299.999997	299.999961	299.999475	299.992925	299.904569	298.712593	283.168098	216.829051	201.287499	200.095438	200.007075	200.000524	200.000038	200.000002	200	200
263	300	300	299.999997	299.999961	299.999475	299.992925	299.904569	298.712593	283.168098	216.829051	201.287499	200.095438	200.007075	200.000524	200.000038	200.000002	200	200
264	300	300	299.999997	299.999961	299.999475	299.992925	299.904569	298.712593	283.168098	216.829051	201.287499	200.095438	200.007075	200.000524	200.000039	200.000003	200	200
265	300	300	299.999997	299.999961	299.999475	299.992925	299.904569	298.712593	283.168098	216.829051	201.2875	200.095438	200.007075	200.000524	200.000039	200.000003	200	200
266	300	300	299.999997	299.999961	299.999475	299.992925	299.904569	298.712593	283.168098	216.829051	201.2875	200.095438	200.007075	200.000524	200.000039	200.000003	200	200
267	300	300	299.999997	299.999961	299.999475	299.992925	299.904569	298.712593	283.168098	216.829051	201.2875	200.095438	200.007075	200.000524	200.000039	200.000003	200	200
268	300	300	299.999997	299.999961	299.999475	299.992925	299.904569	298.712593	283.168098	216.829051	201.2875	200.095439	200.007075	200.000524	200.000039	200.000003	200	200
269	300	300	299.999997	299.999961	299.999475	299.992925	299.904569	298.712593	283.168098	216.829051	201.2875	200.095439	200.007075	200.000524	200.000039	200.000003	200	200
270	300	300	299.999997	299.999961	299.999475	299.992925	299.904569	298.712589	283.168305	216.812953	201.271622	200.079556	199.991193	199.984642	199.984156	199.98412	199.984118	199.984118
271	300	300	299.999997	299.999961	299.999475	299.992925	299.904569	298.712584	283.167176	216.766324	201.223881	200.031811	199.943447	199.936896	199.936411	199.936375	199.936372	199.936372
272	300	300	299.999997	299.999961	299.999475	299.992925	299.904569	298.712577	283.163474	216.674284	201.128166	199.936089	199.847726	199.841175	199.840689	199.840653	199.84065	199.84065
273	300	300	299.999997	299.999961	299.999475	299.992925	299.904569	298.712562	283.155629	216.528619	200.974695	199.782603	199.694239	199.687688	199.687203	199.687167	199.687164	199.687164
274	300	300	299.999997	299.999961	299.999475	299.992925	299.904569	298.712531	283.142327	216.326474	200.759305	199.567182	199.478819	199.472268	199.471782	199.471746	199.471743	199.471743
275	300	300	299.999997	299.999961	299.999475	299.992925	299.904569	298.712471	283.122604	216.068839	200.482033	199.28985	199.201487	199.194936	199.19445	199.194414	199.194412	199.194411
276	300	300	299.999997	299.999961	299.999475	299.992925	299.904569	298.712365	283.09582	215.758789	200.145333	198.953044	198.864681	198.85813	198.857644	198.857608	198.857606	198.857605
277	300	300	299.999997	299.999961	299.999475	299.992925	299.904569	298.712189	283.06161	215.400287	199.752824	198.56036	198.471996	198.465445	198.464959	198.464923	198.464921	198.464921
278	300	300	299.999997	299.999961	299.999475	299.992925	299.904568	298.711918	283.019822	214.99751	199.308559	198.115823	198.027459	198.020908	198.020422	198.020386	198.020384	198.020383
279	300	300	299.999997	299.999961	299.999475	299.992925	299.904567	298.71152	282.970465	214.554521	198.816638	197.623506	197.53514	197.528589	197.528104	197.528068	197.528065	197.528065
280	300	300	299.999997	299.999961	299.999475	299.992925	299.904565	298.710965	282.913664	214.075118	198.281018	197.087331	196.998964	196.992413	196.991928	196.991892	196.991889	196.991889
281	300	300	299.999997	299.999961	299.999475	299.992925	299.904562	298.710219	282.849627	213.562786	197.705422	196.510993	196.422623	196.416072	196.415586	196.41555	196.415547	196.415547
282	300	300	299.999997	299.999961	299.999475	299.992925	299.904558	298.709251	282.778619	213.020686	197.09331	195.897918	195.809543	195.802992	195.802506	195.80247	195.802468	195.802467
283	300	300	299.999997	299.999961	299.999475	299.992925	299.904551	298.708031	282.700942	212.451678	196.447873	195.251267	195.162885	195.156334	195.155848	195.155812	195.15581	195.155809
284	300	300	299.999997	299.999961	299.999475	299.992925	299.904541	298.70653	282.61692	211.858336	195.772039	194.573941	194.485549	194.478998	194.478512	194.478476	194.478474	194.478473
285	300	300	299.999997	299.999961	299.999475	299.992925	299.904527	298.704722	282.52689	211.24298	195.068489	193.868597	193.780191	193.77364	193.773154	193.773118	193.773116	193.773115
286	300	300	299.999997	299.999961	299.999475	299.992925	299.904508	298.702586	282.431192	210.6077	194.339676	193.137666	193.049241	193.04269	193.042205	193.042169	193.042166	193.042166
287	300	300	299.999997	299.999961	299.999475	299.992925	299.904483	298.700102	282.330164	209.954378	193.58784	192.38337	192.294921	192.28837	192.287884	192.287848	192.287845	192.287845
288	300	300	299.999997	299.999961	299.999475	299.992925	299.904451	298.697256	282.224139	209.284713	192.815024	191.60774	191.519258	191.512707	191.512221	191.512185	191.512183	191.512182
289	300	300	299.999997	299.999961	299.999475	299.992924	299.90441	298.694035	282.113437	208.600236	192.023095	190.812629	190.724107	190.717556	190.71707	190.717034	190.717031	190.717031
290	300	300	299.999997	299.999961	299.999475	299.992924	299.904359	298.690432	281.998368	207.902329	191.213751	189.999733	189.911161	189.904609	189.904123	189.904087	189.904085	189.904084
291	300	300	299.999997	299.999961	299.999475	299.992923	299.904297	298.686442	281.879229	207.192243	190.388546	189.170599	189.081965	189.075412	189.074926	189.07489	189.074888	189.074887
292	300	300	299.999997	299.999961	299.999475	299.992923	299.904222	298.682062	281.756303	206.471106	189.548892	188.326639	188.23793	188.231377	188.230891	188.230855	188.230853	188.230852
293	300	300	299.999997	299.999961	299.999475	299.992922	299.904133	298.677293	281.629856	205.73994	188.696077	187.469143	187.380347	187.373793	187.373307	187.373271	187.373268	187.373268
294	300	300	299.999997	299.999961	299.999475	299.992921	299.904029	298.672137	281.500142	204.999669	187.831277	186.599291	186.510391	186.503836	186.50335	186.503314	186.503311	186.503311
295	300	300	299.999997	299.999961	299.999475	299.992919	299.903908	298.666601	281.367397	204.251131	186.95556	185.718157	185.629138	185.622582	185.622096	185.62206	185.622057	185.622057
296	300	300	299.999997	299.999961	299.999475	299.992918	299.903769	298.660691	281.231846	203.495084	186.069901	184.826726	184.73757	184.731012	184.730526	184.73049	184.730487	184.730487
297	300	300	299.999997	299.999961	299.999475	299.992915	299.903612	298.654414	281.093697	202.732214	185.175188	183.925894	183.836582	183.830022	183.829536	183.8295	183.829497	183.829497
298	300	300	299.999997	299.999961	299.999475	299.992913	299.903435	298.647782	280.953146	201.963146	184.27223	183.01648	182.926994	182.920431	182.919945	182.919909	182.919906	182.919906
299	300	300	299.999997	299.999961	299.999475	299.992909	299.903237	298.640805	280.810375	201.188443	183.361763	182.099232	182.009552	182.002985	182.002499	182.002463	182.002461	182.00246
300	300	300	299.999997	299.999961	299.999475	299.992906	299.903017	298.633493	280.665553	200.408619	182.444458	181.174834	181.084938	181.078368	181.077882	181.077846	181.077843	181.077843
301	300	300	299.999997	299.999961	299.999475	299.992901	299.902775	298.62586	280.51884	199.624138	181.520925	180.24391	180.153776	180.147202	180.146716	180.14668	180.146677	180.146677
302	300	300	299.999997	299.999961	299.999475	299.992896	299.902511	298.617918	280.37038	198.835423	180.591722	179.307028	179.216635	179.210056	179.20957	179.209534	179.209531	179.209531
303	300	300	299.999997	299.999961	299.999475	299.99289	299.902224	298.60968	280.220312	198.042857	179.657355	178.364709	178.274035	178.267449	178.266963	178.266927	178.266925	178.266924
304	300	300	299.999997	299.999961	299.999475	299.992883	299.901914	298.601159	280.06876	197.246787	178.718284	177.417427	177.32645	177.319857	177.319371	177.319335	177.319332	177.319332
305	300	300	299.999997	299.999961	299.999475	299.992875	299.90158	298.592368	279.915842	196.447531	177.774931	176.465615	176.374312	176.367712	176.367225	176.367189	176.367187	176.367186
306	300	300	299.999997	299.999961	299.999475	299.992866	299.901222	298.58332	279.761666	195.645376	176.827677	175.50967	175.418018	175.411409	175.410923	175.410887	175.410884	175.410884
307	300	300	299.999997	299.999961	299.999475	299.992856	299.900841	298.574028	279.606332	194.840583	175.876871	174.549952	174.457929	174.45131	174.450824	174.450788	174.450785	174.450785
308	300	300	299.999997	299.999961	299.999474	299.992845	299.900437	298.564504	279.449933	194.033388	174.92283	173.586791	173.494375	173.487745	173.487258	173.487222	173.48722	173.487219
309	300	300	299.999997	299.999961	299.999474	299.992832	299.900009	298.554762	279.292554	193.224008	173.965843	172.620488	172.527657	172.521015	172.520528	172.520492	172.520489	172.520489
310	300	300	299.999997	299.999961	299.999474	299.992819	299.899559	298.544812	279.134274	192.412639	173.006173	171.651318	171.55805	171.551394	171.550907	171.550871	171.550868	171.550868
311	300	300	299.999997	299.999961	299.999474	299.992804	299.899086	298.534668	278.975165	191.599459	172.044058	170.679531	170.585805	170.579135	170.578647	170.578611	170.578608	170.578608
312	300	300	299.999997	299.999961	299.999473	299.992787	299.898591	298.524339	278.815295	190.784631	171.079718	169.705356	169.611152	169.604465	169.603977	169.603941	169.603939	169.603938
313	300	300	299.999997	299.999961	299.999473	299.99277	299.898075	298.513837	278.654726	189.968301	170.113351	168.729002	168.634299	168.627595	168.627107	168.627071	168.627068	168.627068
314	300	300	299.999997	299.999961	299.999472	299.99275	299.897537	298.503172	278.493514	189.150605	169.145137	167.75066	167.655438	167.648716	167.648227	167.648191	167.648188	167.648188
315	300	300	299.999997	299.999961	299.999472	299.99273	299.896979	298.492354	278.331712	188.331664	168.175241	166.770504	166.674744	166.668002	166.667513	166.667476	166.667474	166.667474
316	300	300	299.999997	299.999961	299.999471	299.992708	299.896401	298.481392	278.169367	187.51159	167.203814	165.788692	165.692376	165.685612	165.685123	165.685086	165.685084	165.685084
317	300	300	299.999997	299.999961	299.999471	299.992684	299.895804	298.470296	278.006526	186.690483	166.230991	164.805369	164.70848	164.701693	164.701203	164.701167	164.701164	164.701164
318	300	300	299.999997	299.999961	299.99947	299.992659	299.895188	298.459074	277.843227	185.868436	165.256897	163.820668	163.723188	163.716377	163.715886	163.71585	163.715847	163.715847
319	300	300	299.999997	299.999961	299.999469	299.992633	299.894554	298.447735	277.67951	185.045533	164.281645	162.83471	162.736623	162.729785	162.729294	162.729257	162.729255	162.729254
320	300	300	299.999997	299.999961	299.999468	299.992605	299.893903	298.436285	277.515408	184.221849	163.305338	161.847604	161.748894	161.742029	161.741536	161.7415	161.741498	161.741497
321	300	300	299.999997	299.999961	299.999467	299.992575	299.893235	298.424733	277.350953	183.397454	162.328071	160.859451	160.760102	160.753209	160.752716	160.752679	160.752677	160.752677
322	300	300	299.999997	299.999961	299.999466	299.992544	299.892551	298.413084	277.186175	182.572412	161.349928	159.870343	159.770341	159.763418	159.762924	159.762888	159.762885	159.762885
323	300	300	299.999997	299.999961	299.999465	299.992511	299.891852	298.401347	277.0211	181.74678	160.370988	158.880363	158.779695	158.772741	158.772245	158.772209	158.772206	158.772206
324	300	300	299.999997	299.999961	299.999464	299.992477	299.891139	298.389526	276.855753	180.92061	159.391322	157.889589	157.788241	157.781253	157.780756	157.78072	157.780718	157.780717
325	300	300	299.999997	299.999961	299.999463	299.992442	299.890411	298.377627	276.690156	180.093951	158.410993	156.898089	156.796048	156.789027	156.788528	156.788492	156.78849	156.788489
326	300	300	299.999997	299.999961	299.999461	299.992405	299.88967	298.365656	276.52433	179.266845	157.430062	155.905927	155.803182	155.796125	155.795625	155.795589	155.795586	155.795586
327	300	300	299.999997	299.999961	299.99946	299.992366	299.888916	298.353618	276.358295	178.439332	156.448581	154.913161	154.809701	154.802607	154.802106	154.802069	154.802067	154.802066
328	300	300	299.999997	299.999961	299.999458	299.992327	299.88815	298.341517	276.192067	177.611448	155.4666	153.919844	153.815658	153.808526	153.808023	153.807987	153.807984	153.807984
329	300	300	299.999997	299.999961	299.999457	299.992286	299.887373	298.329359	276.025663	176.783227	154.484163	152.926024	152.821102	152.813931	152.813426	152.81339	152.813387	152.813387
330	299.880883	299.880883	299.88088	299.880844	299.880338	299.873126	299.767468	298.198062	275.738427	175.956314	153.501278	151.931746	151.826079	151.818866	151.81836	151.818324	151.818321	151.818321
331	299.522791	299.522791	299.522788	299.522751	299.522244	299.51499	299.408577	297.827743	275.222093	175.119132	152.518012	150.93705	150.830627	150.823373	150.822866	150.822829	150.822826	150.822826
332	298.804877	298.804876	298.804874	298.804837	298.804328	298.797031	298.689855	297.097576	274.365095	174.262451	151.53438	149.941972	149.834786	149.827489	149.82698	149.826943	149.82694	149.82694
333	297.65373	297.65373	297.653727	297.65369	297.653179	297.645838	297.537891	295.93419	273.105811	173.374496	150.550378	148.946546	148.838589	148.831248	148.830736	148.830699	148.830697	148.830696
334	296.038075	296.038075	296.038072	296.038035	296.037522	296.030136	295.92141	294.306375	271.422829	172.445418	149.56597	147.950802	147.842066	147.83468	147.834166	147.834129	147.834127	147.834127
335	293.958087	293.958087	293.958084	293.958047	293.957531	293.950099	293.840588	292.214406	269.323576	171.467988	148.581084	146.954768	146.845247	146.837814	146.837298	146.837262	146.837259	146.837259
336	291.432041	291.432041	291.432038	291.432001	291.431483	291.424004	291.313701	289.676695	266.831124	170.437429	147.59561	145.95847	145.848157	145.840677	145.840159	145.840122	145.840119	145.840119
337	288.486905	288.486905	288.486902	288.486865	288.486345	288.478817	288.367718	286.720382	263.97519	169.351016	146.609399	144.961929	144.850819	144.843291	144.84277	144.842733	144.842731	144.84273
338	285.152877	285.152877	285.152874	285.152837	285.152314	285.144737	285.032837	283.375868	260.787117	168.207624	145.622269	143.965165	143.853255	143.845678	143.845155	143.845118	143.845115	143.845115
339	281.460486	281.460486	281.460483	281.460446	281.459921	281.452294	281.339592	279.673908	257.297376	167.00733	144.634014	142.968198	142.855485	142.847858	142.847333	142.847295	142.847293	142.847292
340	277.439165	277.439165	277.439163	277.439125	277.438597	277.43092	277.317416	275.644177	253.534468	165.751085	143.644413	141.971042	141.857527	141.849849	141.849321	141.849284	141.849281	141.849281
341	273.116603	273.116603	273.1166	273.116563	273.116032	273.108303	272.994001	271.314606	249.524526	164.440461	142.653235	140.97371	140.859397	140.851668	140.851137	140.851099	140.851097	140.851096
342	268.518507	268.518506	268.518504	268.518466	268.517932	268.510151	268.395059	266.711146	245.291278	163.07745	141.660254	139.976213	139.861111	139.853328	139.852795	139.852757	139.852755	139.852754
343	263.668571	263.668571	263.668569	263.668531	263.667994	263.66016	263.544291	261.857722	240.85616	161.664328	140.665254	138.97856	138.862681	138.854845	138.854309	138.854271	138.854268	138.854268
344	258.58855	258.58855	258.588548	258.58851	258.58797	258.580082	258.463455	256.776302	236.238493	160.203538	139.668032	137.980757	137.86412	137.856231	137.855691	137.855653	137.855651	137.85565
345	253.298367	253.298366	253.298364	253.298326	253.297783	253.289841	253.172481	251.487	231.45568	158.697612	138.668409	136.98281	136.865439	136.857496	136.856954	136.856916	136.856913	136.856913
346	247.816243	247.816243	247.81624	247.816202	247.815657	247.80766	247.689601	246.008208	226.523397	157.149107	137.666226	135.984719	135.86665	135.858652	135.858106	135.858068	135.858066	135.858065
347	242.158838	242.158837	242.158835	242.158797	242.158248	242.150196	242.03148	240.356725	221.455767	155.560566	136.661352	134.986487	134.867761	134.859708	134.859159	134.859121	134.859118	134.859118
348	236.341368	236.341368	236.341365	236.341327	236.340774	236.332667	236.213347	234.547884	216.265527	153.93448	135.653681	133.988111	133.86878	133.860673	133.86012	133.860082	133.860079	133.860079
349	230.377734	230.377734	230.377732	230.377693	230.377137	230.368975	230.249111	228.595673	210.964166	152.273269	134.643131	132.989591	132.869716	132.861554	132.860998	132.860959	132.860957	132.860956
350	224.39975	224.39975	224.399747	224.399708	224.399149	224.390932	224.270595	222.631935	205.682729	150.577643	133.62968	131.990924	131.870576	131.862358	131.861799	131.861761	131.861758	131.861758
351	218.538866	218.538866	218.538863	218.538824	218.538262	218.529991	218.409262	216.78819	200.538867	148.861437	132.613267	130.992105	130.871366	130.863094	130.862531	130.862492	130.86249	130.862489
352	212.926517	212.926516	212.926514	212.926475	212.925908	212.917584	212.796555	211.195873	195.652632	147.136026	131.593897	129.99313	129.872091	129.863766	129.8632	129.86316	129.863158	129.863157
353	207.64578	207.64578	207.645777	207.645738	207.645168	207.636791	207.515564	205.938021	191.093319	145.415216	130.571617	128.993994	128.872757	128.86438	128.86381	128.863771	128.863768	128.863768
354	202.73676	202.73676	202.736757	202.736718	202.736144	202.727716	202.606403	201.054653	186.889286	143.710776	129.546515	127.994692	127.873369	127.864941	127.864367	127.864328	127.864325	127.864325
355	198.207342	198.207342	198.207339	198.207299	198.206722	198.198245	198.076965	196.553522	183.039397	142.03174	128.518732	126.99522	126.873931	126.865453	126.864876	126.864836	126.864834	126.864833
356	194.046613	194.046612	194.04661	194.04657	194.045989	194.037465	193.916347	192.423529	179.526275	140.384576	127.488455	125.995573	125.874446	125.865922	125.865341	125.865301	125.865298	125.865298
357	190.234324	190.234324	190.234321	190.234281	190.233697	190.225129	190.104308	188.644194	176.325368	138.773598	126.455921	124.995748	124.874918	124.86635	124.865765	124.865725	124.865722	124.865722
358	186.746418	186.746418	186.746415	186.746375	186.745787	186.737178	186.616796	185.191185	173.410014	137.201411	125.421406	123.995741	123.87535	123.866741	123.866153	123.866112	123.86611	123.866109
359	183.557967	183.557967	183.557964	183.557924	183.557332	183.548686	183.42889	182.039272	170.753985	135.669321	124.385218	122.99555	122.875745	122.867099	122.866507	122.866466	122.866463	122.866463
360	180.644658	180.644658	180.644655	180.644614	180.644018	180.635339	180.516278	179.163816	168.332633	134.177663	123.347684	121.995174	121.876105	121.867425	121.86683	121.866789	121.866786	121.866786
361	177.983474	177.983473	177.983471	177.98343	177.98283	177.974123	177.855948	176.541467	166.123318	132.726065	122.309141	120.994615	120.876432	120.867724	120.867125	120.867084	120.867081	120.867081
362	175.552975	175.552974	175.552971	175.55293	175.552327	175.543597	175.426458	174.15045	164.105486	131.313643	121.269925	119.993875	119.876728	119.867997	119.867394	119.867353	119.86735	119.86735
363	173.333361	173.333361	173.333358	173.333316	173.33271	173.323962	173.208008	171.97064	162.260581	129.939155	120.230365	118.992957	118.876995	118.868247	118.86764	118.867599	118.867596	118.867596
364	171.306438	171.306438	171.306435	171.306393	171.305783	171.297025	171.182399	169.983533	160.571898	128.601115	119.190772	117.991867	117.877235	117.868475	117.867865	117.867823	117.867821	117.86782
365	169.455532	169.455531	169.455529	169.455487	169.454873	169.44611	169.332952	168.172165	159.02441	127.297876	118.151437	116.990612	116.877448	116.868684	116.86807	116.868028	116.868026	116.868025
366	167.765384	167.765384	167.765381	167.765339	167.764722	167.755962	167.644403	166.521015	157.604601	126.027699	117.112625	115.989201	115.877636	115.868875	115.868258	115.868216	115.868213	115.868213
367	166.222048	166.222048	166.222045	166.222003	166.221383	166.212633	166.102794	165.015898	156.300308	124.7888	116.074576	114.987645	114.8778	114.869049	114.868429	114.868387	114.868384	114.868383
368	164.812778	164.812778	164.812775	164.812733	164.81211	164.803378	164.695371	163.643862	155.10058	123.579389	115.037498	113.985954	113.877941	113.869208	113.868585	113.868543	113.86854	113.86854
369	163.525933	163.525933	163.52593	163.525887	163.525262	163.516555	163.41048	162.393083	153.995547	122.397692	114.001574	112.984141	112.87806	112.869353	112.868728	112.868685	112.868682	112.868682
370	162.350879	162.350878	162.350875	162.350832	162.350205	162.341533	162.237477	161.252781	152.976103	121.258075	112.982833	111.998102	111.894041	111.885368	111.884741	111.884698	111.884695	111.884694
371	161.277905	161.277905	161.277902	161.277858	161.277229	161.268599	161.166637	160.213118	152.03576	120.173295	111.997387	111.043832	110.941865	110.933235	110.932606	110.932562	110.932559	110.932559
372	160.298144	160.298144	160.298141	160.298097	160.297466	160.288888	160.18908	159.265127	151.1685	119.156618	111.061448	110.137459	110.037647	110.029068	110.028436	110.028393	110.02839	110.028389
373	159.4035	159.403499	159.403496	159.403452	159.402819	159.394301	159.296696	158.40064	150.36934	118.214715	110.184876	109.288784	109.191174	109.182655	109.182022	109.181978	109.181975	109.181975
374	158.586576	158.586576	158.586573	158.586529	158.585895	158.577444	158.482075	157.612214	149.633667	117.348975	109.37189	108.501993	108.406619	108.398167	108.397533	108.397489	108.397486	108.397486
375	157.840623	157.840623	157.84062	157.840575	157.83994	157.831565	157.738452	156.893075	148.957084	116.557018	108.62249	107.777076	107.683958	107.675583	107.674948	107.674903	107.6749	107.6749
376	157.159473	157.159473	157.15947	157.159425	157.15879	157.150499	157.059649	156.237056	148.335376	115.834457	107.934242	107.111611	107.020757	107.012465	107.01183	107.011785	107.011782	107.011782
377	156.537498	156.537498	156.537495	156.53745	156.536815	156.528615	156.440024	155.638544	147.764515	115.176096	107.303533	106.502015	106.413419	106.405219	106.404584	106.404539	106.404536	106.404535
378	155.969557	155.969557	155.969554	155.969509	155.968874	155.960773	155.874423	155.092435	147.240671	114.576599	106.726301	105.944274	105.857921	105.849819	105.849184	105.849139	105.849136	105.849135
379	155.450955	155.450955	155.450952	155.450907	155.450273	155.442277	155.358142	154.594083	146.760226	114.030818	106.198428	105.43433	105.350191	105.342194	105.34156	105.341515	105.341512	105.341512
380	154.977407	154.977407	154.977404	154.977358	154.976726	154.968841	154.886883	154.139262	146.319783	113.533941	105.715929	104.968269	104.886307	104.878421	104.877789	104.877743	104.87774	104.87774
381	154.544998	154.544997	154.544994	154.544949	154.544318	154.53655	154.456723	153.724129	145.916167	113.081537	105.275042	104.542409	104.462578	104.454809	104.454179	104.454133	104.45413	104.45413
382	154.150154	154.150154	154.15015	154.150105	154.149477	154.14183	154.06408	153.345185	145.546421	112.669562	104.872267	104.153331	104.075577	104.06793	104.067302	104.067256	104.067253	104.067253
383	153.789612	153.789611	153.789608	153.789562	153.788937	153.781417	153.705683	152.999244	145.207801	112.294337	104.504363	103.797883	103.722146	103.714625	103.714	103.713954	103.713951	103.713951
384	153.460391	153.460391	153.460388	153.460342	153.45972	153.45233	153.378546	152.683407	144.897764	111.952526	104.168352	103.473173	103.399385	103.391995	103.391373	103.391327	103.391324	103.391324
385	153.159772	153.159772	153.159768	153.159722	153.159105	153.151848	153.079942	152.395035	144.613961	111.641102	103.861497	103.176548	103.104639	103.097382	103.096764	103.096718	103.096715	103.096715
386	152.885269	152.885268	152.885265	152.885219	152.884605	152.877485	152.807383	152.131722	144.354221	111.357318	103.581287	102.905584	102.835479	102.828358	102.827744	102.827698	102.827695	102.827695
387	152.634613	152.634612	152.634609	152.634563	152.633954	152.626971	152.558596	151.891277	144.116547	111.098685	103.325425	102.658064	102.589685	102.582702	102.582093	102.582047	102.582044	102.582043
388	152.405732	152.405732	152.405729	152.405683	152.405079	152.398235	152.331507	151.671702	143.899097	110.862942	103.091807	102.431961	102.365229	102.358384	102.357781	102.357735	102.357732	102.357731
389	152.196736	152.196735	152.196732	152.196686	152.196088	152.189384	152.124222	151.471178	143.700178	110.648038	102.878509	102.225423	102.160258	102.153553	102.152955	102.152909	102.152906	102.152906
390	152.005896	152.005895	152.005892	152.005846	152.005254	151.998689	151.935014	151.288043	143.518235	110.45211	102.683772	102.036759	101.97308	101.966515	101.965923	101.965877	101.965874	101.965874
391	151.831635	151.831634	151.831631	151.831585	151.831	151.824574	151.762305	151.120785	143.351836	110.273463	102.505985	101.864423	101.802151	101.795724	101.795139	101.795093	101.79509	101.79509
392	151.672512	151.672512	151.672509	151.672463	151.671885	151.665597	151.604655	150.968022	143.19967	110.11056	102.343679	101.707004	101.646058	101.63977	101.639192	101.639146	101.639143	101.639143
393	151.527214	151.527214	151.52721	151.527164	151.526593	151.520442	151.46075	150.828495	143.060533	109.961999	102.195508	101.563211	101.503515	101.497363	101.496792	101.496747	101.496743	101.496743
394	151.394538	151.394538	151.394535	151.394489	151.393925	151.387909	151.32939	150.701053	142.933319	109.826509	102.060246	101.431867	101.373344	101.367327	101.366764	101.366718	101.366715	101.366714
395	151.273388	151.273388	151.273385	151.273339	151.272784	151.266899	151.20948	150.584648	142.817016	109.70293	101.936768	101.311894	101.254471	101.248587	101.248031	101.247985	101.247982	101.247982
396	151.162764	151.162763	151.16276	151.162715	151.162167	151.156412	151.100022	150.478323	142.710695	109.590207	101.824051	101.202309	101.145916	101.140161	101.139613	101.139568	101.139564	101.139564
397	151.061749	151.061749	151.061746	151.061701	151.061161	151.055533	151.000104	150.381202	142.613508	109.487382	101.721158	101.102214	101.046782	101.041153	101.040614	101.040569	101.040565	101.040565
398	150.96951	150.96951	150.969507	150.969462	150.968931	150.963426	150.908893	150.292489	142.524673	109.393579	101.627234	101.010788	100.956251	100.950746	100.950215	100.95017	100.950167	100.950167
399	150.885285	150.885284	150.885281	150.885237	150.884715	150.879329	150.825629	150.211455	142.443478	109.308003	101.541498	100.927281	100.873578	100.868192	100.86767	100.867625	100.867622	100.867622
400	150.808376	150.808376	150.808373	150.808328	150.807815	150.802545	150.749619	150.137434	142.36927	109.229929	101.463236	100.851008	100.798079	100.792809	100.792295	100.792251	100.792248	100.792248
401	150.738149	150.738149	150.738145	150.738102	150.737597	150.732439	150.680231	150.06982	142.30145	109.158695	101.391797	100.781343	100.729131	100.723973	100.723469	100.723425	100.723422	100.723422
402	150.674023	150.674022	150.674019	150.673976	150.67348	150.66843	150.616887	150.008057	142.239472	109.0937	101.326587	100.717714	100.666167	100.661117	100.660622	100.660578	100.660575	100.660575
403	150.615467	150.615467	150.615464	150.615421	150.614934	150.609988	150.55906	149.951638	142.182834	109.034396	101.267063	100.659599	100.608667	100.603721	100.603234	100.603191	100.603188	100.603188
404	150.561999	150.561999	150.561995	150.561953	150.561475	150.556628	150.506269	149.900102	142.131079	108.980281	101.212729	100.60652	100.556157	100.55131	100.550832	100.55079	100.550786	100.550786
405	150.513176	150.513175	150.513172	150.51313	150.512661	150.50791	150.458075	149.853026	142.083787	108.9309	101.163133	100.558041	100.508203	100.503451	100.502982	100.50294	100.502937	100.502937
406	150.468594	150.468594	150.46859	150.468549	150.468089	150.463428	150.414077	149.810024	142.040575	108.885839	101.117861	100.513765	100.464411	100.45975	100.45929	100.459248	100.459245	100.459245
407	150.427885	150.427885	150.427881	150.42784	150.427389	150.422815	150.373909	149.770743	142.001091	108.844716	101.076537	100.473328	100.424418	100.419844	100.419393	100.419351	100.419348	100.419348
408	150.390713	150.390713	150.390709	150.390669	150.390226	150.385735	150.337238	149.734861	141.965016	108.807189	101.038816	100.436396	100.387896	100.383404	100.382961	100.382921	100.382918	100.382917
409	150.35677	150.35677	150.356766	150.356726	150.356292	150.351879	150.303759	149.702084	141.932056	108.77294	101.004384	100.402666	100.354542	100.350129	100.349695	100.349655	100.349652	100.349652
410	150.325776	150.325775	150.325772	150.325733	150.325307	150.320969	150.273193	149.672144	141.901943	108.741683	100.972954	100.371862	100.324083	100.319745	100.319319	100.319279	100.319276	100.319276
411	150.297474	150.297474	150.297471	150.297432	150.297014	150.292746	150.245288	149.644795	141.874431	108.713157	100.944265	100.343729	100.296267	100.291999	100.291581	100.291542	100.291539	100.291539
412	150.271631	150.271631	150.271628	150.271589	150.27118	150.266979	150.219811	149.619813	141.849296	108.687121	100.918076	100.318036	100.270864	100.266663	100.266254	100.266215	100.266212	100.266212
413	150.248033	150.248033	150.24803	150.247992	150.247591	150.243452	150.19655	149.596993	141.826334	108.663358	100.894171	100.294572	100.247666	100.243528	100.243126	100.243088	100.243085	100.243085
414	150.226486	150.226485	150.226482	150.226445	150.226051	150.221972	150.175313	149.576149	141.805357	108.64167	100.87235	100.273143	100.226481	100.222402	100.222008	100.22197	100.221967	100.221967
415	150.20681	150.20681	150.206806	150.20677	150.206383	150.20236	150.155924	149.557108	141.786194	108.621874	100.852432	100.253573	100.207133	100.20311	100.202724	100.202687	100.202684	100.202684
416	150.188843	150.188843	150.18884	150.188804	150.188425	150.184454	150.138221	149.539716	141.768688	108.603805	100.834249	100.235702	100.189465	100.185494	100.185115	100.185079	100.185076	100.185076
417	150.172438	150.172437	150.172434	150.172399	150.172027	150.168106	150.122058	149.52383	141.752697	108.587313	100.817652	100.21938	100.17333	100.169408	100.169036	100.169001	100.168998	100.168997
418	150.157457	150.157457	150.157454	150.157419	150.157053	150.153179	150.107301	149.509318	141.738089	108.572259	100.802501	100.204476	100.158594	100.15472	100.154354	100.154319	100.154316	100.154316
419	150.143778	150.143778	150.143775	150.143741	150.143382	150.13955	150.093827	149.496063	141.724745	108.558518	100.788671	100.190864	100.145138	100.141306	100.140947	100.140913	100.14091	100.14091
420	150.131288	150.131287	150.131284	150.131251	150.130898	150.127107	150.081525	149.483956	141.712555	108.545975	100.776046	100.178434	100.132849	100.129058	100.128705	100.128671	100.128668	100.128668
421	150.119882	150.119882	150.119879	150.119846	150.119499	150.115746	150.070293	149.472897	141.701421	108.534526	100.764522	100.167083	100.121626	100.117873	100.117527	100.117493	100.11749	100.11749
422	150.109467	150.109467	150.109464	150.109432	150.109091	150.105373	150.060037	149.462795	141.691251	108.524075	100.754002	100.156717	100.111378	100.10766	100.107319	100.107287	100.107284	100.107283
423	150.099957	150.099957	150.099954	150.099922	150.099587	150.095903	150.050673	149.453569	141.681961	108.514535	100.744399	100.147251	100.102018	100.098334	100.097998	100.097966	100.097963	100.097963
424	150.091274	150.091273	150.091271	150.091239	150.090909	150.087256	150.042123	149.445141	141.673475	108.505826	100.735632	100.138607	100.093471	100.089817	100.089487	100.089456	100.089453	100.089453
425	150.083344	150.083344	150.083341	150.08331	150.082985	150.079361	150.034317	149.437443	141.665724	108.497876	100.72763	100.130713	100.085666	100.082041	100.081716	100.081685	100.081682	100.081682
426	150.076104	150.076104	150.076101	150.07607	150.07575	150.072152	150.027189	149.430411	141.658645	108.490619	100.720325	100.123505	100.078537	100.074939	100.074619	100.074589	100.074586	100.074586
427	150.069492	150.069492	150.069489	150.06946	150.069144	150.065571	150.02068	149.423989	141.652178	108.483994	100.713656	100.116922	100.072028	100.068454	100.068139	100.068109	100.068106	100.068106
428	150.063455	150.063455	150.063452	150.063423	150.063112	150.059562	150.014738	149.418123	141.646272	108.477947	100.707568	100.110911	100.066083	100.062533	100.062222	100.062192	100.06219	100.062189
429	150.057943	150.057942	150.05794	150.057911	150.057604	150.054075	150.009311	149.412765	141.640878	108.472426	100.702011	100.105422	100.060654	100.057125	100.056818	100.05679	100.056787	100.056787
430	150.052909	150.052909	150.052906	150.052878	150.052575	150.049066	150.004357	149.407871	141.635951	108.467386	100.696937	100.100409	100.055697	100.052188	100.051885	100.051856	100.051854	100.051853
431	150.048312	150.048312	150.04831	150.048282	150.047983	150.044492	149.999833	149.403401	141.63145	108.462785	100.692306	100.095832	100.051169	100.047679	100.047379	100.047351	100.047349	100.047349
432	150.044115	150.044115	150.044113	150.044085	150.043789	150.040316	149.995702	149.399319	141.62734	108.458585	100.688078	100.091653	100.047035	100.043561	100.043265	100.043238	100.043235	100.043235
433	150.040283	150.040283	150.04028	150.040253	150.039961	150.036503	149.99193	149.39559	141.623586	108.45475	100.684219	100.087836	100.043259	100.039801	100.039509	100.039482	100.039479	100.039479
434	150.036783	150.036783	150.036781	150.036754	150.036465	150.033022	149.988486	149.392184	141.620158	108.45125	100.680695	100.084351	100.039811	100.036368	100.036079	100.036052	100.03605	100.036049
435	150.033588	150.033588	150.033585	150.033559	150.033273	150.029843	149.985341	149.389073	141.617026	108.448054	100.677479	100.081168	100.036662	100.033233	100.032946	100.03292	100.032918	100.032918
436	150.03067	150.03067	150.030667	150.030642	150.030358	150.026941	149.98247	149.386232	141.614166	108.445136	100.674542	100.078262	100.033787	100.03037	100.030086	100.030061	100.030058	100.030058
437	150.028005	150.028005	150.028003	150.027978	150.027697	150.024291	149.979847	149.383637	141.611554	108.442473	100.671862	100.075609	100.031161	100.027755	100.027475	100.027449	100.027447	100.027447
438	150.025572	150.025572	150.02557	150.025545	150.025267	150.021872	149.977453	149.381267	141.609168	108.440041	100.669415	100.073185	100.028763	100.025368	100.02509	100.025065	100.025063	100.025062
439	150.023351	150.023351	150.023348	150.023324	150.023048	150.019663	149.975267	149.379102	141.606989	108.437821	100.667181	100.070973	100.026573	100.023188	100.022912	100.022888	100.022885	100.022885
440	150.021322	150.021322	150.02132	150.021296	150.021022	150.017646	149.973271	149.377125	141.604999	108.435794	100.665141	100.068952	100.024574	100.021197	100.020924	100.020899	100.020897	100.020897
441	150.01947	150.01947	150.019468	150.019444	150.019172	150.015804	149.971448	149.375319	141.603182	108.433944	100.663279	100.067108	100.022747	100.019379	100.019108	100.019084	100.019082	100.019082
442	150.017778	150.017778	150.017776	150.017753	150.017483	150.014123	149.969783	149.37367	141.601522	108.432255	100.661579	100.065423	100.02108	100.017719	100.01745	100.017426	100.017424	100.017424
443	150.016234	150.016234	150.016232	150.016208	150.015941	150.012588	149.968263	149.372163	141.600006	108.430712	100.660027	100.063885	100.019557	100.016203	100.015936	100.015912	100.01591	100.01591
444	150.014824	150.014823	150.014821	150.014798	150.014533	150.011186	149.966876	149.370788	141.598622	108.429304	100.658611	100.06248	100.018166	100.014819	100.014553	100.01453	100.014528	100.014528
445	150.013536	150.013536	150.013534	150.013511	150.013247	150.009906	149.965608	149.369531	141.597358	108.428019	100.657317	100.061197	100.016896	100.013555	100.013291	100.013268	100.013266	100.013266
446	150.01236	150.01236	150.012358	150.012335	150.012073	150.008737	149.964451	149.368383	141.596203	108.426845	100.656137	100.060026	100.015736	100.012401	100.012138	100.012116	100.012114	100.012113
447	150.011286	150.011286	150.011284	150.011262	150.011001	150.00767	149.963394	149.367335	141.595148	108.425773	100.655059	100.058957	100.014677	100.011347	100.011085	100.011063	100.011061	100.011061
448	150.010306	150.010306	150.010304	150.010282	150.010022	150.006696	149.962429	149.366378	141.594185	108.424795	100.654074	100.05798	100.01371	100.010384	100.010124	100.010102	100.0101	100.0101
449	150.00941	150.00941	150.009408	150.009387	150.009128	150.005807	149.961548	149.365504	141.593306	108.423902	100.653176	100.057089	100.012827	100.009505	100.009247	100.009225	100.009223	100.009223
450	150.008593	150.008593	150.008591	150.008569	150.008312	150.004994	149.960744	149.364705	141.592503	108.423086	100.652356	100.056274	100.01202	100.008703	100.008445	100.008424	100.008422	100.008421
451	150.007846	150.007846	150.007844	150.007823	150.007567	150.004253	149.960009	149.363976	141.591769	108.422342	100.651607	100.055531	100.011284	100.00797	100.007713	100.007692	100.00769	100.00769
452	150.007165	150.007165	150.007163	150.007142	150.006886	150.003576	149.959338	149.36331	141.591099	108.421662	100.650923	100.054852	100.010611	100.0073	100.007045	100.007024	100.007022	100.007022
453	150.006542	150.006542	150.00654	150.006519	150.006265	150.002957	149.958726	149.362702	141.590487	108.421041	100.650299	100.054232	100.009997	100.006689	100.006435	100.006414	100.006412	100.006412
454	150.005974	150.005974	150.005972	150.005951	150.005698	150.002393	149.958166	149.362146	141.589928	108.420475	100.649729	100.053666	100.009436	100.006131	100.005877	100.005857	100.005855	100.005855
455	150.005455	150.005455	150.005453	150.005432	150.00518	150.001877	149.957656	149.361639	141.589418	108.419957	100.649209	100.05315	100.008924	100.005622	100.005369	100.005348	100.005346	100.005346
456	150.004981	150.004981	150.004979	150.004959	150.004707	150.001407	149.957189	149.361175	141.588952	108.419485	100.648734	100.052678	100.008456	100.005156	100.004904	100.004884	100.004882	100.004882
457	150.004548	150.004548	150.004546	150.004526	150.004275	150.000977	149.956763	149.360752	141.588527	108.419054	100.6483	100.052247	100.008029	100.004731	100.00448	100.00446	100.004458	100.004458
458	150.004153	150.004153	150.004151	150.004131	150.00388	150.000585	149.956374	149.360366	141.588138	108.41866	100.647904	100.051853	100.007639	100.004343	100.004092	100.004072	100.004071	100.00407
459	150.003792	150.003792	150.003791	150.003771	150.00352	150.000226	149.956019	149.360013	141.587783	108.418301	100.647543	100.051494	100.007283	100.003989	100.003739	100.003719	100.003717	100.003717
460	150.003463	150.003463	150.003461	150.003441	150.003192	149.999899	149.955695	149.35969	141.587459	108.417972	100.647213	100.051166	100.006958	100.003665	100.003416	100.003396	100.003394	100.003394
461	150.003162	150.003162	150.00316	150.003141	150.002891	149.999601	149.955399	149.359396	141.587163	108.417673	100.646912	100.050866	100.006661	100.00337	100.003121	100.003101	100.003099	100.003099
462	150.002887	150.002887	150.002886	150.002866	150.002617	149.999328	149.955128	149.359127	141.586893	108.417399	100.646637	100.050593	100.00639	100.0031	100.002851	100.002832	100.00283	100.00283
463	150.002637	150.002636	150.002635	150.002615	150.002367	149.999079	149.954881	149.358882	141.586646	108.417149	100.646386	100.050343	100.006142	100.002853	100.002605	100.002586	100.002584	100.002584
464	150.002407	150.002407	150.002406	150.002386	150.002139	149.998851	149.954656	149.358657	141.586421	108.416921	100.646156	100.050115	100.005916	100.002628	100.002381	100.002361	100.00236	100.002359
465	150.002198	150.002198	150.002197	150.002177	150.00193	149.998644	149.95445	149.358453	141.586215	108.416713	100.645947	100.049907	100.005709	100.002423	100.002176	100.002156	100.002155	100.002155
466	150.002007	150.002007	150.002006	150.001986	150.001739	149.998454	149.954262	149.358265	141.586027	108.416523	100.645756	100.049717	100.005521	100.002235	100.001988	100.001969	100.001967	100.001967
467	150.001833	150.001833	150.001831	150.001812	150.001565	149.998281	149.95409	149.358095	141.585855	108.416349	100.645581	100.049543	100.005349	100.002064	100.001817	100.001798	100.001797	100.001796
468	150.001674	150.001674	150.001672	150.001653	150.001407	149.998123	149.953933	149.357939	141.585698	108.41619	100.645422	100.049385	100.005191	100.001908	100.001661	100.001642	100.00164	100.00164
469	150.001528	150.001528	150.001527	150.001508	150.001262	149.997979	149.95379	149.357796	141.585555	108.416046	100.645277	100.04924	100.005048	100.001765	100.001519	100.0015	100.001498	100.001498
470	150.001396	150.001395	150.001394	150.001375	150.001129	149.997847	149.953659	149.357666	141.585424	108.415914	100.645144	100.049108	100.004917	100.001634	100.001388	100.001369	100.001368	100.001368
471	150.001274	150.001274	150.001273	150.001254	150.001008	149.997727	149.95354	149.357547	141.585305	108.415793	100.645023	100.048987	100.004797	100.001515	100.001269	100.001251	100.001249	100.001249
472	150.001164	150.001163	150.001162	150.001143	150.000898	149.997617	149.953431	149.357439	141.585196	108.415683	100.644912	100.048877	100.004687	100.001406	100.001161	100.001142	100.001141	100.00114
473	150.001063	150.001062	150.001061	150.001042	150.000797	149.997517	149.953331	149.35734	141.585096	108.415582	100.644811	100.048776	100.004588	100.001307	100.001062	100.001043	100.001041	100.001041
474	150.00097	150.00097	150.000969	150.00095	150.000705	149.997425	149.953241	149.357249	141.585005	108.41549	100.644719	100.048685	100.004496	100.001216	100.000971	100.000953	100.000951	100.000951
475	150.000886	150.000886	150.000884	150.000866	150.000621	149.997341	149.953158	149.357167	141.584922	108.415406	100.644634	100.048601	100.004413	100.001133	100.000889	100.00087	100.000868	100.000868
476	150.000809	150.000809	150.000807	150.000789	150.000544	149.997265	149.953082	149.357091	141.584847	108.41533	100.644557	100.048524	100.004337	100.001058	100.000813	100.000794	100.000793	100.000793
477	150.000739	150.000739	150.000737	150.000719	150.000474	149.997195	149.953012	149.357022	141.584777	108.41526	100.644487	100.048454	100.004268	100.000989	100.000744	100.000726	100.000724	100.000724
478	150.000675	150.000674	150.000673	150.000654	150.00041	149.997132	149.952949	149.356959	141.584714	108.415196	100.644423	100.04839	100.004204	100.000926	100.000681	100.000663	100.000661	100.000661
479	150.000616	150.000616	150.000614	150.000596	150.000352	149.997073	149.952892	149.356902	141.584656	108.415138	100.644364	100.048332	100.004146	100.000868	100.000624	100.000605	100.000604	100.000604
480	150.000562	150.000562	150.000561	150.000542	150.000298	149.99702	149.952839	149.356849	141.584604	108.415085	100.644311	100.048279	100.004094	100.000815	100.000571	100.000553	100.000551	100.000551
481	150.000514	150.000513	150.000512	150.000494	150.00025	149.996972	149.952791	149.356801	141.584555	108.415036	100.644262	100.04823	100.004045	100.000767	100.000523	100.000505	100.000503	100.000503
482	150.000469	150.000469	150.000467	150.000449	150.000205	149.996928	149.952747	149.356757	141.584511	108.414992	100.644218	100.048186	100.004001	100.000723	100.00048	100.000461	100.00046	100.00046
483	150.000428	150.000428	150.000427	150.000408	150.000164	149.996887	149.952707	149.356717	141.584471	108.414951	100.644177	100.048145	100.003961	100.000683	100.00044	100.000421	100.00042	100.00042
484	150.000391	150.000391	150.000389	150.000371	150.000127	149.99685	149.95267	149.356681	141.584435	108.414914	100.64414	100.048108	100.003924	100.000647	100.000403	100.000385	100.000383	100.000383
485	150.000357	150.000357	150.000355	150.000337	150.000094	149.996817	149.952637	149.356648	141.584401	108.41488	100.644106	100.048074	100.003891	100.000613	100.00037	100.000351	100.00035	100.00035
486	150.000326	150.000326	150.000324	150.000306	150.000063	149.996786	149.952606	149.356617	141.584371	108.41485	100.644075	100.048044	100.00386	100.000583	100.000339	100.000321	100.00032	100.00032
487	150.000298	150.000298	150.000296	150.000278	150.000034	149.996758	149.952578	149.356589	141.584343	108.414821	100.644047	100.048015	100.003832	100.000555	100.000312	100.000293	100.000292	100.000292
488	150.000272	150.000272	150.00027	150.000252	150.000009	149.996732	149.952553	149.356564	141.584317	108.414796	100.644021	100.04799	100.003806	100.00053	100.000286	100.000268	100.000267	100.000266
489	150.000248	150.000248	150.000247	150.000228	149.999985	149.996709	149.952529	149.356541	141.584294	108.414772	100.643997	100.047966	100.003783	100.000506	100.000263	100.000245	100.000243	100.000243
490	150.000227	150.000227	150.000225	150.000207	149.999964	149.996687	149.952508	149.35652	141.584273	108.414751	100.643976	100.047945	100.003762	100.000485	100.000242	100.000224	100.000222	100.000222
491	150.000207	150.000207	150.000205	150.000187	149.999944	149.996668	149.952489	149.3565	141.584253	108.414731	100.643956	100.047925	100.003742	100.000466	100.000223	100.000204	100.000203	100.000203
492	150.000189	150.000189	150.000187	150.000169	149.999926	149.99665	149.952471	149.356483	141.584235	108.414713	100.643938	100.047907	100.003725	100.000448	100.000205	100.000187	100.000185	100.000185
493	150.000173	150.000172	150.000171	150.000153	149.99991	149.996634	149.952455	149.356466	141.584219	108.414697	100.643922	100.047891	100.003708	100.000432	100.000189	100.000171	100.000169	100.000169
494	150.000158	150.000157	150.000156	150.000138	149.999895	149.996619	149.95244	149.356452	141.584204	108.414682	100.643907	100.047876	100.003694	100.000417	100.000174	100.000156	100.000155	100.000154
495	150.000144	150.000144	150.000142	150.000124	149.999881	149.996605	149.952426	149.356438	141.584191	108.414669	100.643893	100.047862	100.00368	100.000404	100.000161	100.000143	100.000141	100.000141
496	150.000131	150.000131	150.00013	150.000112	149.999869	149.996593	149.952414	149.356426	141.584179	108.414656	100.643881	100.04785	100.003668	100.000392	100.000148	100.00013	100.000129	100.000129
497	150.00012	150.00012	150.000118	150.0001	149.999857	149.996582	149.952403	149.356415	141.584167	108.414645	100.643869	100.047839	100.003656	100.00038	100.000137	100.000119	100.000118	100.000118
498	150.00011	150.000109	150.000108	150.00009	149.999847	149.996571	149.952393	149.356405	141.584157	108.414634	100.643859	100.047828	100.003646	100.00037	100.000127	100.000109	100.000107	100.000107
499	150.0001	150.0001	150.000099	150.00008	149.999837	149.996562	149.952383	149.356395	141.584148	108.414625	100.64385	100.047819	100.003637	100.000361	100.000118	100.0001	100.000098	100.000098
500	150.0001	150.0001	150.000099	150.00008	149.999837	149.996562	149.952383	149.356395	141.584148	108.414625	100.64385	100.047819	100.003637	100.000361	100.000118	100.0001	100.000098	100.000098
