0	0.00000000	0.00000000	0.00000000	0.00000000	0.00000000	0.00000000	0.00000000	0.00000000	0.00000000	0.00000000	0.00000000	0.00000000	0.00000000	0.00000000	0.00000000	0.00000000	0.00000000	0.00000000	0.00000000	0.00000000	0.00000000	0.00000000	0.00000000	0.00000000	0.00000000	0.00000000	0.00000000	0.00000000	0.00000000	0.00000000	0.00000000	0.00000000	0.00000000	0.00000000	0.00000000	0.00000000
1	1.58779202	0.00042100	0.00000000	0.00000000	0.00000000	0.00000000	0.00043200	1.59059358	0.00042500	0.00000000	0.00000000	0.00000000	0.00000000	0.00042900	1.58739472	0.00042100	0.00000000	0.00000000	0.00000000	0.00000000	0.00042100	1.58739472	0.00042900	0.00000000	0.00000000	0.00000000	0.00000000	0.00042500	1.59059358	0.00043200	0.00000000	0.00000000	0.00000000	0.00000000	0.00042100	1.58779202
2	4.77408407	0.00046800	0.00000000	0.00000000	0.00000000	0.00000000	0.00048100	4.77844230	0.00046900	0.00000000	0.00000000	0.00000000	0.00000000	0.00047900	4.77362745	0.00046800	0.00000000	0.00000000	0.00000000	0.00000000	0.00046800	4.77362745	0.00047900	0.00000000	0.00000000	0.00000000	0.00000000	0.00046900	4.77844230	0.00048100	0.00000000	0.00000000	0.00000000	0.00000000	0.00046800	4.77408407
3	9.57144510	0.00073100	0.00000000	0.00000000	0.00000000	0.00000000	0.00074400	9.57390344	0.00073100	0.00000000	0.00000000	0.00000000	0.00000000	0.00074400	9.57072060	0.00073200	0.00000000	0.00000000	0.00000000	0.00000000	0.00073200	9.57072060	0.00074400	0.00000000	0.00000000	0.00000000	0.00000000	0.00073100	9.57390344	0.00074400	0.00000000	0.00000000	0.00000000	0.00000000	0.00073100	9.57144510
4	15.34712560	0.00149000	0.00000000	0.00000000	0.00000000	0.00000000	0.00150000	15.34715770	0.00148000	0.00000000	0.00000000	0.00000000	0.00000000	0.00150000	15.34564400	0.00149000	0.00000000	0.00000000	0.00000000	0.00000000	0.00149000	15.34564400	0.00150000	0.00000000	0.00000000	0.00000000	0.00000000	0.00148000	15.34715770	0.00150000	0.00000000	0.00000000	0.00000000	0.00000000	0.00149000	15.34712560
5	21.53898010	0.00308000	0.00000000	0.00000000	0.00000000	0.00000000	0.00309000	21.53624160	0.00307000	0.00000000	0.00000000	0.00000000	0.00000000	0.00309000	21.53590500	0.00308000	0.00000000	0.00000000	0.00000000	0.00000000	0.00308000	21.53590500	0.00309000	0.00000000	0.00000000	0.00000000	0.00000000	0.00307000	21.53624160	0.00309000	0.00000000	0.00000000	0.00000000	0.00000000	0.00308000	21.53898010
6	27.72720330	0.00597000	0.00000000	0.00000000	0.00000000	0.00000000	0.00597000	27.72083490	0.00595000	0.00000000	0.00000000	0.00000000	0.00000000	0.00598000	27.72124310	0.00597000	0.00000000	0.00000000	0.00000000	0.00000000	0.00597000	27.72124310	0.00598000	0.00000000	0.00000000	0.00000000	0.00000000	0.00595000	27.72083490	0.00597000	0.00000000	0.00000000	0.00000000	0.00000000	0.00597000	27.72720330
7	33.66997720	0.01060000	0.00000000	0.00000000	0.00000000	0.00000000	0.01060000	33.65850570	0.01060000	0.00000000	0.00000000	0.00000000	0.00000000	0.01060000	33.65934610	0.01060000	0.00000000	0.00000000	0.00000000	0.00000000	0.01060000	33.65934610	0.01060000	0.00000000	0.00000000	0.00000000	0.00000000	0.01060000	33.65850570	0.01060000	0.00000000	0.00000000	0.00000000	0.00000000	0.01060000	33.66997720
8	39.25090930	0.01760000	0.00000000	0.00000000	0.00000000	0.00000000	0.01760000	39.23228410	0.01760000	0.00000000	0.00000000	0.00000000	0.00000000	0.01760000	39.23334410	0.01760000	0.00000000	0.00000000	0.00000000	0.00000000	0.01760000	39.23334410	0.01760000	0.00000000	0.00000000	0.00000000	0.00000000	0.01760000	39.23228410	0.01760000	0.00000000	0.00000000	0.00000000	0.00000000	0.01760000	39.25090930
9	44.42653860	0.02720000	0.00000000	0.00000000	0.00000000	0.00000000	0.02720000	44.39822240	0.02720000	0.00000000	0.00000000	0.00000000	0.00000000	0.02720000	44.39936540	0.02720000	0.00000000	0.00000000	0.00000000	0.00000000	0.02720000	44.39936540	0.02720000	0.00000000	0.00000000	0.00000000	0.00000000	0.02720000	44.39822240	0.02720000	0.00000000	0.00000000	0.00000000	0.00000000	0.02720000	44.42653860
10	49.19210980	0.03980000	0.00000000	0.00000000	0.00000000	0.00000000	0.03980000	49.15120120	0.03970000	0.00000000	0.00000000	0.00000000	0.00000000	0.03980000	49.15234400	0.03980000	0.00000000	0.00000000	0.00000000	0.00000000	0.03980000	49.15234400	0.03980000	0.00000000	0.00000000	0.00000000	0.00000000	0.03970000	49.15120120	0.03980000	0.00000000	0.00000000	0.00000000	0.00000000	0.03980000	49.19210980
11	53.56207560	0.05560000	0.00000000	0.00000000	0.00000000	0.00000000	0.05550000	53.50544570	0.05550000	0.00000000	0.00000000	0.00000000	0.00000000	0.05560000	53.50654140	0.05560000	0.00000000	0.00000000	0.00000000	0.00000000	0.05560000	53.50654140	0.05560000	0.00000000	0.00000000	0.00000000	0.00000000	0.05550000	53.50544570	0.05550000	0.00000000	0.00000000	0.00000000	0.00000000	0.05560000	53.56207560
12	57.55961760	0.07460000	0.00000000	0.00000000	0.00000000	0.00000000	0.07450000	57.48404530	0.07450000	0.00000000	0.00000000	0.00000000	0.00000000	0.07460000	57.48507000	0.07460000	0.00000000	0.00000000	0.00000000	0.00000000	0.07460000	57.48507000	0.07460000	0.00000000	0.00000000	0.00000000	0.00000000	0.07450000	57.48404530	0.07450000	0.00000000	0.00000000	0.00000000	0.00000000	0.07460000	57.55961760
13	61.21119280	0.09680000	0.00000000	0.00000000	0.00000000	0.00000000	0.09680000	61.11348850	0.09670000	0.00000000	0.00000000	0.00000000	0.00000000	0.09680000	61.11443250	0.09680000	0.00000000	0.00000000	0.00000000	0.00000000	0.09680000	61.11443250	0.09680000	0.00000000	0.00000000	0.00000000	0.00000000	0.09670000	61.11348850	0.09680000	0.00000000	0.00000000	0.00000000	0.00000000	0.09680000	61.21119280
14	64.54377080	0.12209944	0.00000000	0.00000000	0.00000000	0.00000000	0.12203018	64.42088150	0.12200713	0.00000000	0.00000000	0.00000000	0.00000000	0.12206278	64.42174330	0.12207833	0.00000000	0.00000000	0.00000000	0.00000000	0.12207833	64.42174330	0.12206278	0.00000000	0.00000000	0.00000000	0.00000000	0.12200713	64.42088150	0.12203018	0.00000000	0.00000000	0.00000000	0.00000000	0.12209944	64.54377080
15	67.58348430	0.15020804	0.00000001	0.00000000	0.00000000	0.00000000	0.15012925	67.43257680	0.15010509	0.00000001	0.00000000	0.00000000	0.00000001	0.15016166	67.43335970	0.15018268	0.00000001	0.00000000	0.00000000	0.00000001	0.15018268	67.43335970	0.15016166	0.00000001	0.00000000	0.00000000	0.00000001	0.15010509	67.43257680	0.15012925	0.00000000	0.00000000	0.00000000	0.00000001	0.15020804	67.58348430
16	70.35501160	0.18086186	0.00000001	0.00000000	0.00000000	0.00000000	0.18077380	70.17353520	0.18074862	0.00000001	0.00000000	0.00000000	0.00000001	0.18080523	70.17424460	0.18083202	0.00000001	0.00000000	0.00000000	0.00000001	0.18083202	70.17424460	0.18080523	0.00000001	0.00000000	0.00000000	0.00000001	0.18074862	70.17353520	0.18077380	0.00000000	0.00000000	0.00000000	0.00000001	0.18086186	70.35501160
17	72.88133680	0.21373597	0.00000002	0.00000000	0.00000000	0.00000000	0.21363895	72.66706460	0.21361285	0.00000002	0.00000000	0.00000000	0.00000002	0.21366868	72.66770690	0.21370145	0.00000002	0.00000000	0.00000000	0.00000002	0.21370145	72.66770690	0.21366868	0.00000002	0.00000000	0.00000000	0.00000002	0.21361285	72.66706460	0.21363895	0.00000000	0.00000000	0.00000000	0.00000002	0.21373597	72.88133680
18	75.18369840	0.24848252	0.00000004	0.00000000	0.00000000	0.00000000	0.24837688	74.93475100	0.24834998	0.00000004	0.00000000	0.00000000	0.00000004	0.24840430	74.93533280	0.24844321	0.00000004	0.00000000	0.00000000	0.00000004	0.24844321	74.93533280	0.24840430	0.00000004	0.00000000	0.00000000	0.00000004	0.24834998	74.93475100	0.24837688	0.00000000	0.00000000	0.00000000	0.00000004	0.24848252	75.18369840
19	77.28163280	0.28474552	0.00000006	0.00000000	0.00000000	0.00000000	0.28463162	76.99648680	0.28460403	0.00000006	0.00000000	0.00000000	0.00000006	0.28465618	76.99701470	0.28470134	0.00000006	0.00000000	0.00000000	0.00000006	0.28470134	76.99701470	0.28465618	0.00000006	0.00000000	0.00000000	0.00000006	0.28460403	76.99648680	0.28463162	0.00000000	0.00000000	0.00000000	0.00000006	0.28474552	77.28163280
20	79.19306060	0.32217275	0.00000010	0.00000000	0.00000000	0.00000000	0.32205097	78.87054540	0.32202279	0.00000010	0.00000000	0.00000000	0.00000010	0.32207222	78.87102530	0.32212366	0.00000010	0.00000000	0.00000000	0.00000010	0.32212366	78.87102530	0.32207222	0.00000010	0.00000000	0.00000000	0.00000010	0.32202279	78.87054540	0.32205097	0.00000000	0.00000000	0.00000000	0.00000010	0.32217275	79.19306060
21	80.93439170	0.36042500	0.00000015	0.00000000	0.00000000	0.00000000	0.36029571	80.57367630	0.36026704	0.00000015	0.00000000	0.00000000	0.00000015	0.36031329	80.57411370	0.36037099	0.00000015	0.00000000	0.00000000	0.00000015	0.36037099	80.57411370	0.36031329	0.00000015	0.00000000	0.00000000	0.00000015	0.36026704	80.57367630	0.36029571	0.00000000	0.00000000	0.00000000	0.00000015	0.36042500	80.93439170
22	82.52063470	0.39918283	0.00000023	0.00000000	0.00000000	0.00000000	0.39904641	82.12120800	0.39901734	0.00000023	0.00000000	0.00000000	0.00000023	0.39906004	82.12160790	0.39912394	0.00000023	0.00000000	0.00000000	0.00000023	0.39912394	82.12160790	0.39906004	0.00000023	0.00000000	0.00000000	0.00000023	0.39901734	82.12120800	0.39904641	0.00000000	0.00000000	0.00000000	0.00000023	0.39918283	82.52063470
23	83.96550550	0.43815125	0.00000035	0.00000000	0.00000000	0.00000000	0.43800807	83.52715180	0.43797867	0.00000035	0.00000000	0.00000000	0.00000035	0.43801753	83.52751880	0.43808754	0.00000035	0.00000000	0.00000000	0.00000035	0.43808754	83.52751880	0.43801753	0.00000035	0.00000000	0.00000000	0.00000035	0.43797867	83.52715180	0.43800807	0.00000000	0.00000000	0.00000000	0.00000035	0.43815125	83.96550550
24	85.28153070	0.47706260	0.00000050	0.00000000	0.00000000	0.00000000	0.47691303	84.80430260	0.47688332	0.00000050	0.00000000	0.00000000	0.00000050	0.47691813	84.80464070	0.47699413	0.00000050	0.00000000	0.00000000	0.00000050	0.47699413	84.80464070	0.47691813	0.00000050	0.00000000	0.00000000	0.00000050	0.47688332	84.80430260	0.47691303	0.00000000	0.00000000	0.00000000	0.00000050	0.47706260	85.28153070
25	86.48014510	0.51567796	0.00000071	0.00000000	0.00000000	0.00000000	0.51552236	85.96433460	0.51549236	0.00000071	0.00000000	0.00000000	0.00000071	0.51552298	85.96464740	0.51560481	0.00000071	0.00000000	0.00000000	0.00000071	0.51560481	85.96464740	0.51552298	0.00000071	0.00000000	0.00000000	0.00000071	0.51549236	85.96433460	0.51552236	0.00000000	0.00000000	0.00000000	0.00000071	0.51567796	86.48014510
26	87.57178310	0.55378751	0.00000099	0.00000000	0.00000000	0.00000000	0.55362623	87.01789230	0.55359593	0.00000099	0.00000000	0.00000000	0.00000099	0.55362228	87.01818320	0.55370975	0.00000099	0.00000000	0.00000000	0.00000099	0.55370975	87.01818320	0.55362228	0.00000099	0.00000000	0.00000000	0.00000099	0.55359593	87.01789230	0.55362623	0.00000000	0.00000000	0.00000000	0.00000099	0.55378751	87.57178310
27	88.56596280	0.59120997	0.00000135	0.00000000	0.00000000	0.00000000	0.59104335	87.97467560	0.59101271	0.00000135	0.00000000	0.00000000	0.00000135	0.59103476	87.97494720	0.59112769	0.00000135	0.00000000	0.00000000	0.00000135	0.59112769	87.97494720	0.59103476	0.00000135	0.00000000	0.00000000	0.00000135	0.59101271	87.97467560	0.59104335	0.00000000	0.00000000	0.00000000	0.00000135	0.59120997	88.56596280
28	89.47136400	0.62779147	0.00000181	0.00000000	0.00000000	0.00000000	0.62761984	88.84351850	0.62758880	0.00000181	0.00000000	0.00000000	0.00000181	0.62760655	88.84377340	0.62770475	0.00000181	0.00000000	0.00000000	0.00000181	0.62770475	88.84377340	0.62760655	0.00000181	0.00000000	0.00000000	0.00000181	0.62758880	88.84351850	0.62761984	0.00000000	0.00000000	0.00000000	0.00000181	0.62779147	89.47136400
29	90.29590010	0.66340396	0.00000240	0.00000000	0.00000000	0.00000000	0.66322762	89.63246290	0.66319609	0.00000240	0.00000000	0.00000000	0.00000240	0.66320960	89.63270320	0.66331284	0.00000240	0.00000000	0.00000000	0.00000240	0.66331284	89.63270320	0.66320960	0.00000240	0.00000000	0.00000000	0.00000240	0.66319609	89.63246290	0.66322762	0.00000000	0.00000000	0.00000000	0.00000240	0.66340396	90.29590010
30	91.04678450	0.69794331	0.00000312	0.00000000	0.00000000	0.00000000	0.69776257	90.34882640	0.69773042	0.00000312	0.00000000	0.00000000	0.00000312	0.69773976	90.34905420	0.69784783	0.00000312	0.00000000	0.00000000	0.00000312	0.69784783	90.34905420	0.69773976	0.00000312	0.00000000	0.00000000	0.00000312	0.69773042	90.34882640	0.69776257	0.00000000	0.00000000	0.00000000	0.00000312	0.69794331	91.04678450
31	91.73059100	0.73132730	0.00000401	0.00000000	0.00000000	0.00000000	0.73114244	90.99926530	0.73110952	0.00000401	0.00000000	0.00000000	0.00000402	0.73111480	90.99948230	0.73122748	0.00000401	0.00000000	0.00000000	0.00000401	0.73122748	90.99948230	0.73111480	0.00000402	0.00000000	0.00000000	0.00000401	0.73110952	90.99926530	0.73114244	0.00000000	0.00000000	0.00000000	0.00000401	0.73132730	91.73059100
32	92.35330960	0.76349352	0.00000509	0.00000000	0.00000000	0.00000000	0.76330482	91.58983250	0.76327094	0.00000509	0.00000000	0.00000000	0.00000509	0.76327229	91.59004020	0.76338937	0.00000509	0.00000000	0.00000000	0.00000509	0.76338937	91.59004020	0.76327229	0.00000509	0.00000000	0.00000000	0.00000509	0.76327094	91.58983250	0.76330482	0.00000000	0.00000000	0.00000000	0.00000509	0.76349352	92.35330960
33	92.92039760	0.79439730	0.00000638	0.00000000	0.00000000	0.00000000	0.79420502	92.12603010	0.79416998	0.00000638	0.00000000	0.00000000	0.00000638	0.79416752	92.12622990	0.79428878	0.00000638	0.00000000	0.00000000	0.00000638	0.79428878	92.12622990	0.79416752	0.00000638	0.00000000	0.00000000	0.00000638	0.79416998	92.12603010	0.79420502	0.00000000	0.00000000	0.00000000	0.00000638	0.79439730	92.92039760
34	93.43682670	0.82400964	0.00000790	0.00000000	0.00000000	0.00000000	0.82381402	92.61285890	0.82377757	0.00000790	0.00000000	0.00000000	0.00000791	0.82377146	92.61305190	0.82389670	0.00000790	0.00000000	0.00000000	0.00000790	0.82389670	92.61305190	0.82377146	0.00000791	0.00000000	0.00000000	0.00000790	0.82377757	92.61285890	0.82381402	0.00000000	0.00000000	0.00000000	0.00000790	0.82400964	93.43682670
35	93.90712510	0.85231528	0.00000969	0.00000000	0.00000000	0.00000000	0.85211656	93.05486270	0.85207843	0.00000968	0.00000000	0.00000000	0.00000969	0.85206882	93.05504990	0.85219782	0.00000969	0.00000000	0.00000000	0.00000969	0.85219782	93.05504990	0.85206882	0.00000969	0.00000000	0.00000000	0.00000968	0.85207843	93.05486270	0.85211656	0.00000000	0.00000000	0.00000000	0.00000969	0.85231528	93.90712510
36	94.33541720	0.87931088	0.00001180	0.00000000	0.00000000	0.00000000	0.87910927	93.45616940	0.87906918	0.00001170	0.00000000	0.00000000	0.00001180	0.87905623	93.45635170	0.87918879	0.00001180	0.00000000	0.00000000	0.00001180	0.87918879	93.45635170	0.87905623	0.00001180	0.00000000	0.00000000	0.00001170	0.87906918	93.45616940	0.87910927	0.00000000	0.00000000	0.00000000	0.00001180	0.87931088	94.33541720
37	94.72545930	0.90500331	0.00001410	0.00000000	0.00000000	0.00000000	0.90479902	93.82052830	0.90475665	0.00001410	0.00000000	0.00000000	0.00001410	0.90474053	93.82070660	0.90487646	0.00001410	0.00000000	0.00000000	0.00001410	0.90487646	93.82070660	0.90474053	0.00001410	0.00000000	0.00000000	0.00001410	0.90475665	93.82052830	0.90479902	0.00000000	0.00000000	0.00000000	0.00001410	0.90500331	94.72545930
38	95.08067170	0.92940812	0.00001680	0.00000000	0.00000000	0.00000000	0.92920135	94.15134480	0.92915636	0.00001680	0.00000000	0.00000000	0.00001680	0.92913723	94.15151960	0.92927633	0.00001680	0.00000000	0.00000000	0.00001680	0.92927633	94.15151960	0.92913723	0.00001680	0.00000000	0.00000000	0.00001680	0.92915636	94.15134480	0.92920135	0.00000000	0.00000000	0.00000000	0.00001680	0.92940812	95.08067170
39	95.40416940	0.95254811	0.00001990	0.00000000	0.00000000	0.00000000	0.95233902	94.45171080	0.95229107	0.00001980	0.00000000	0.00000000	0.00001990	0.95226908	94.45188290	0.95241118	0.00001990	0.00000000	0.00000000	0.00001990	0.95241118	94.45188290	0.95226908	0.00001990	0.00000000	0.00000000	0.00001980	0.95229107	94.45171080	0.95233902	0.00000000	0.00000000	0.00000000	0.00001990	0.95254811	95.40416940
40	95.69878870	0.97445203	0.00002330	0.00000000	0.00000000	0.00000000	0.97424081	94.72443410	0.97418951	0.00002320	0.00000000	0.00000000	0.00002330	0.97416483	94.72460380	0.97430975	0.00002330	0.00000000	0.00000000	0.00002330	0.97430975	94.72460380	0.97416483	0.00002330	0.00000000	0.00000000	0.00002320	0.97418951	94.72443410	0.97424081	0.00000000	0.00000000	0.00000000	0.00002330	0.97445203	95.69878870
41	95.96711200	0.99515349	0.00002700	0.00000000	0.00000000	0.00000000	0.99494030	94.97206360	0.99488526	0.00002700	0.00000000	0.00000000	0.00002700	0.99485804	94.97223150	0.99500562	0.00002700	0.00000000	0.00000000	0.00002700	0.99500562	94.97223150	0.99485804	0.00002700	0.00000000	0.00000000	0.00002700	0.99488526	94.97206360	0.99494030	0.00000000	0.00000000	0.00000000	0.00002700	0.99515349	95.96711200
42	96.21149080	1.01468993	0.00003120	0.00000000	0.00000000	0.00000000	1.01447491	95.19691350	1.01441574	0.00003120	0.00000000	0.00000000	0.00003120	1.01438614	95.19707990	1.01453621	0.00003120	0.00000000	0.00000000	0.00003120	1.01453621	95.19707990	1.01438614	0.00003120	0.00000000	0.00000000	0.00003120	1.01441574	95.19691350	1.01447491	0.00000000	0.00000000	0.00000000	0.00003120	1.01468993	96.21149080
43	96.43406600	1.03310171	0.00003570	0.00000000	0.00000000	0.00000000	1.03288500	95.40108440	1.03282129	0.00003570	0.00000000	0.00000000	0.00003570	1.03278945	95.40124960	1.03294187	0.00003570	0.00000000	0.00000000	0.00003570	1.03294187	95.40124960	1.03278945	0.00003570	0.00000000	0.00000000	0.00003570	1.03282129	95.40108440	1.03288500	0.00000000	0.00000000	0.00000000	0.00003570	1.03310171	96.43406600
44	96.63678700	1.05043134	0.00004070	0.00000000	0.00000000	0.00000000	1.05021308	95.58648310	1.05014443	0.00004070	0.00000000	0.00000000	0.00004070	1.05011048	95.58664750	1.05026510	0.00004070	0.00000000	0.00000000	0.00004070	1.05026510	95.58664750	1.05011048	0.00004070	0.00000000	0.00000000	0.00004070	1.05014443	95.58648310	1.05021308	0.00000000	0.00000000	0.00000000	0.00004070	1.05043134	96.63678700
45	96.82142850	1.06672284	0.00004600	0.00000000	0.00000000	0.00000000	1.06650314	95.75484060	1.06642913	0.00004600	0.00000000	0.00000000	0.00004600	1.06639321	95.75500430	1.06654989	0.00004600	0.00000000	0.00000000	0.00004600	1.06654989	95.75500430	1.06639321	0.00004600	0.00000000	0.00000000	0.00004600	1.06642913	95.75484060	1.06650314	0.00000000	0.00000000	0.00000000	0.00004600	1.06672284	96.82142850
46	96.98960650	1.08202110	0.00005180	0.00000000	0.00000000	0.00000000	1.08180008	95.90772780	1.08172029	0.00005180	0.00000000	0.00000000	0.00005180	1.08168253	95.90789110	1.08184115	0.00005180	0.00000000	0.00000000	0.00005180	1.08184115	95.90789110	1.08168253	0.00005180	0.00000000	0.00000000	0.00005180	1.08172029	95.90772780	1.08180008	0.00000000	0.00000000	0.00000000	0.00005180	1.08202110	96.98960650
47	97.14279220	1.09637140	0.00005790	0.00000000	0.00000000	0.00000000	1.09614916	96.04657080	1.09606320	0.00005790	0.00000000	0.00000000	0.00005790	1.09602373	96.04673380	1.09618416	0.00005790	0.00000000	0.00000000	0.00005790	1.09618416	96.04673380	1.09602373	0.00005790	0.00000000	0.00000000	0.00005790	1.09606320	96.04657080	1.09614916	0.00000000	0.00000000	0.00000000	0.00005790	1.09637140	97.14279220
48	97.28232500	1.10981903	0.00006440	0.00000000	0.00000000	0.00000000	1.10959566	96.17266380	1.10950313	0.00006440	0.00000000	0.00000000	0.00006450	1.10946206	96.17282660	1.10962418	0.00006450	0.00000000	0.00000000	0.00006450	1.10962418	96.17282660	1.10946206	0.00006450	0.00000000	0.00000000	0.00006440	1.10950313	96.17266380	1.10959566	0.00000000	0.00000000	0.00000000	0.00006440	1.10981903	97.28232500
49	97.40942470	1.12240886	0.00007140	0.00000000	0.00000000	0.00000000	1.12218446	96.28718150	1.12208497	0.00007130	0.00000000	0.00000000	0.00007140	1.12204241	96.28734430	1.12220611	0.00007140	0.00000000	0.00000000	0.00007140	1.12220611	96.28734430	1.12204241	0.00007140	0.00000000	0.00000000	0.00007130	1.12208497	96.28718150	1.12218446	0.00000000	0.00000000	0.00000000	0.00007140	1.12240886	97.40942470
50	97.52520150	1.13418511	0.00007860	0.00000000	0.00000000	0.00000000	1.13395976	96.39119010	1.13385294	0.00007860	0.00000000	0.00000000	0.00007860	1.13380899	96.39135300	1.13397418	0.00007860	0.00000000	0.00000000	0.00007860	1.13397418	96.39135300	1.13380899	0.00007860	0.00000000	0.00000000	0.00007860	1.13385294	96.39119010	1.13395976	0.00000000	0.00000000	0.00000000	0.00007860	1.13418511	97.52520150
51	97.63066650	1.14519107	0.00008620	0.00000000	0.00000000	0.00000000	1.14496485	96.48565740	1.14485034	0.00008620	0.00000000	0.00000000	0.00008630	1.14480510	96.48582050	1.14497168	0.00008630	0.00000000	0.00000000	0.00008630	1.14497168	96.48582050	1.14480510	0.00008630	0.00000000	0.00000000	0.00008620	1.14485034	96.48565740	1.14496485	0.00000000	0.00000000	0.00000000	0.00008620	1.14519107	97.63066650
52	97.72674030	1.15546892	0.00009420	0.00000000	0.00000000	0.00000000	1.15524190	96.57146180	1.15511938	0.00009420	0.00000000	0.00000000	0.00009420	1.15507294	96.57162520	1.15524081	0.00009420	0.00000000	0.00000000	0.00009420	1.15524081	96.57162520	1.15507294	0.00009420	0.00000000	0.00000000	0.00009420	1.15511938	96.57146180	1.15524190	0.00000000	0.00000000	0.00000000	0.00009420	1.15546892	97.72674030
53	97.81426110	1.16505959	0.00010200	0.00000000	0.00000000	0.00000000	1.16483183	96.64940060	1.16470098	0.00010200	0.00000000	0.00000000	0.00010200	1.16465342	96.64956420	1.16482250	0.00010200	0.00000000	0.00000000	0.00010200	1.16482250	96.64956420	1.16465342	0.00010200	0.00000000	0.00000000	0.00010200	1.16470098	96.64940060	1.16483183	0.00000000	0.00000000	0.00000000	0.00010200	1.16505959	97.81426110
54	97.89399200	1.17400261	0.00011100	0.00000000	0.00000000	0.00000000	1.17377417	96.72019730	1.17363470	0.00011100	0.00000000	0.00000000	0.00011100	1.17358611	96.72036120	1.17375632	0.00011100	0.00000000	0.00000000	0.00011100	1.17375632	96.72036120	1.17358611	0.00011100	0.00000000	0.00000000	0.00011100	1.17363470	96.72019730	1.17377417	0.00000000	0.00000000	0.00000000	0.00011100	1.17400261	97.89399200
55	97.96662800	1.18233605	0.00012000	0.00000000	0.00000000	0.00000000	1.18210699	96.78450880	1.18195862	0.00012000	0.00000000	0.00000000	0.00012000	1.18190908	96.78467310	1.18208033	0.00012000	0.00000000	0.00000000	0.00012000	1.18208033	96.78467310	1.18190908	0.00012000	0.00000000	0.00000000	0.00012000	1.18195862	96.78450880	1.18210699	0.00000000	0.00000000	0.00000000	0.00012000	1.18233605	97.96662800
56	98.03280180	1.19009644	0.00012900	0.00000000	0.00000000	0.00000000	1.18986680	96.84293150	1.18970930	0.00012900	0.00000000	0.00000000	0.00012900	1.18965888	96.84309610	1.18983111	0.00012900	0.00000000	0.00000000	0.00012900	1.18983111	96.84309610	1.18965888	0.00012900	0.00000000	0.00000000	0.00012900	1.18970930	96.84293150	1.18986680	0.00000000	0.00000000	0.00000000	0.00012900	1.19009644	98.03280180
57	98.09308980	1.19731874	0.00013800	0.00000000	0.00000000	0.00000000	1.19708859	96.89600640	1.19692174	0.00013800	0.00000000	0.00000000	0.00013800	1.19687049	96.89617150	1.19704364	0.00013800	0.00000000	0.00000000	0.00013800	1.19704364	96.89617150	1.19687049	0.00013800	0.00000000	0.00000000	0.00013800	1.19692174	96.89600640	1.19708859	0.00000000	0.00000000	0.00000000	0.00013800	1.19731874	98.09308980
58	98.14801650	1.20403634	0.00014800	0.00000000	0.00000000	0.00000000	1.20380571	96.94422500	1.20362932	0.00014800	0.00000000	0.00000000	0.00014800	1.20357732	96.94439050	1.20375131	0.00014800	0.00000000	0.00000000	0.00014800	1.20375131	96.94439050	1.20357732	0.00014800	0.00000000	0.00000000	0.00014800	1.20362932	96.94422500	1.20380571	0.00000000	0.00000000	0.00000000	0.00014800	1.20403634	98.14801650
59	98.19805990	1.21028103	0.00015700	0.00000000	0.00000000	0.00000000	1.21004996	96.98803330	1.20986387	0.00015700	0.00000000	0.00000000	0.00015700	1.20981117	96.98819910	1.20998596	0.00015700	0.00000000	0.00000000	0.00015700	1.20998596	96.98819910	1.20981117	0.00015700	0.00000000	0.00000000	0.00015700	1.20986387	96.98803330	1.21004996	0.00000000	0.00000000	0.00000000	0.00015700	1.21028103	98.19805990
60	98.24365500	1.21608302	0.00016700	0.00000000	0.00000000	0.00000000	1.21585155	97.02783610	1.21565563	0.00016700	0.00000000	0.00000000	0.00016700	1.21560228	97.02800230	1.21577780	0.00016700	0.00000000	0.00000000	0.00016700	1.21577780	97.02800230	1.21560228	0.00016700	0.00000000	0.00000000	0.00016700	1.21565563	97.02783610	1.21585155	0.00000000	0.00000000	0.00000000	0.00016700	1.21608302	98.24365500
61	98.28519810	1.22147096	0.00017700	0.00000000	0.00000000	0.00000000	1.22123912	97.06400100	1.22103326	0.00017700	0.00000000	0.00000000	0.00017700	1.22097931	97.06416760	1.22115552	0.00017700	0.00000000	0.00000000	0.00017700	1.22115552	97.06416760	1.22097931	0.00017700	0.00000000	0.00000000	0.00017700	1.22103326	97.06400100	1.22123912	0.00000000	0.00000000	0.00000000	0.00017700	1.22147096	98.28519810
62	98.32305010	1.22647199	0.00018700	0.00000000	0.00000000	0.00000000	1.22623981	97.09686180	1.22602393	0.00018700	0.00000000	0.00000000	0.00018700	1.22596943	97.09702880	1.22614627	0.00018700	0.00000000	0.00000000	0.00018700	1.22614627	97.09702880	1.22596943	0.00018700	0.00000000	0.00000000	0.00018700	1.22602393	97.09686180	1.22623981	0.00000000	0.00000000	0.00000000	0.00018700	1.22647199	98.32305010
63	98.35753960	1.23111173	0.00019700	0.00000000	0.00000000	0.00000000	1.23087924	97.12672140	1.23065329	0.00019700	0.00000000	0.00000000	0.00019700	1.23059828	97.12688880	1.23077572	0.00019700	0.00000000	0.00000000	0.00019700	1.23077572	97.12688880	1.23059828	0.00019700	0.00000000	0.00000000	0.00019700	1.23065329	97.12672140	1.23087924	0.00000000	0.00000000	0.00000000	0.00019700	1.23111173	98.35753960
64	98.38896600	1.23541439	0.00020700	0.00000000	0.00000000	0.00000000	1.23518162	97.15385500	1.23494557	0.00020700	0.00000000	0.00000000	0.00020700	1.23489009	97.15402270	1.23506808	0.00020700	0.00000000	0.00000000	0.00020700	1.23506808	97.15402270	1.23489009	0.00020700	0.00000000	0.00000000	0.00020700	1.23494557	97.15385500	1.23518162	0.00000000	0.00000000	0.00000000	0.00020700	1.23541439	98.38896600
65	98.41760180	1.23940276	0.00021700	0.00000000	0.00000000	0.00000000	1.23916974	97.17851230	1.23892359	0.00021700	0.00000000	0.00000000	0.00021700	1.23886768	97.17868040	1.23904618	0.00021700	0.00000000	0.00000000	0.00021700	1.23904618	97.17868040	1.23886768	0.00021700	0.00000000	0.00000000	0.00021700	1.23892359	97.17851230	1.23916974	0.00000000	0.00000000	0.00000000	0.00021700	1.23940276	98.41760180
66	98.44369540	1.24309832	0.00022700	0.00000000	0.00000000	0.00000000	1.24286506	97.20092020	1.24260883	0.00022700	0.00000000	0.00000000	0.00022700	1.24255253	97.20108860	1.24273151	0.00022700	0.00000000	0.00000000	0.00022700	1.24273151	97.20108860	1.24255253	0.00022700	0.00000000	0.00000000	0.00022700	1.24260883	97.20092020	1.24286506	0.00000000	0.00000000	0.00000000	0.00022700	1.24309832	98.44369540
67	98.46747290	1.24652123	0.00023700	0.00000001	0.00000000	0.00000000	1.24628776	97.22128460	1.24602149	0.00023700	0.00000001	0.00000000	0.00023700	1.24596482	97.22145330	1.24614424	0.00023700	0.00000001	0.00000001	0.00023700	1.24614424	97.22145330	1.24596482	0.00023700	0.00000000	0.00000001	0.00023700	1.24602149	97.22128460	1.24628776	0.00000000	0.00000000	0.00000001	0.00023700	1.24652123	98.46747290
68	98.48914040	1.24969042	0.00024700	0.00000001	0.00000000	0.00000000	1.24945675	97.23979250	1.24918052	0.00024700	0.00000001	0.00000000	0.00024700	1.24912351	97.23996160	1.24930334	0.00024700	0.00000001	0.00000001	0.00024700	1.24930334	97.23996160	1.24912351	0.00024700	0.00000000	0.00000001	0.00024700	1.24918052	97.23979250	1.24945675	0.00000000	0.00000000	0.00000001	0.00024700	1.24969042	98.48914040
69	98.50888530	1.25262365	0.00025600	0.00000001	0.00000000	0.00000000	1.25238981	97.25661380	1.25210370	0.00025600	0.00000001	0.00000000	0.00025600	1.25204638	97.25678320	1.25222659	0.00025600	0.00000001	0.00000001	0.00025600	1.25222659	97.25678320	1.25204638	0.00025600	0.00000000	0.00000001	0.00025600	1.25210370	97.25661380	1.25238981	0.00000000	0.00000000	0.00000001	0.00025600	1.25262365	98.50888530
70	98.52687860	1.25533757	0.00026600	0.00000001	0.00000000	0.00000000	1.25510356	97.27190270	1.25480769	0.00026600	0.00000001	0.00000000	0.00026600	1.25475008	97.27207240	1.25493065	0.00026600	0.00000001	0.00000001	0.00026600	1.25493065	97.27207240	1.25475008	0.00026600	0.00000000	0.00000001	0.00026600	1.25480769	97.27190270	1.25510356	0.00000000	0.00000000	0.00000001	0.00026600	1.25533757	98.52687860
71	98.54327610	1.25784774	0.00027600	0.00000001	0.00000000	0.00000000	1.25761358	97.28579940	1.25730807	0.00027600	0.00000001	0.00000000	0.00027600	1.25725020	97.28596940	1.25743109	0.00027600	0.00000001	0.00000001	0.00027600	1.25743109	97.28596940	1.25725020	0.00027600	0.00000000	0.00000001	0.00027600	1.25730807	97.28579940	1.25761358	0.00000000	0.00000000	0.00000001	0.00027600	1.25784774	98.54327610
72	98.55821940	1.26016872	0.00028500	0.00000001	0.00000000	0.00000000	1.25993443	97.29843100	1.25961941	0.00028500	0.00000001	0.00000000	0.00028500	1.25956130	97.29860130	1.25974250	0.00028500	0.00000001	0.00000001	0.00028500	1.25974250	97.29860130	1.25956130	0.00028500	0.00000000	0.00000001	0.00028500	1.25961941	97.29843100	1.25993443	0.00000000	0.00000000	0.00000001	0.00028500	1.26016872	98.55821940
73	98.57183790	1.26231413	0.00029400	0.00000001	0.00000000	0.00000000	1.26207971	97.30991320	1.26175535	0.00029400	0.00000001	0.00000000	0.00029500	1.26169702	97.31008370	1.26187850	0.00029400	0.00000001	0.00000001	0.00029400	1.26187850	97.31008370	1.26169702	0.00029500	0.00000000	0.00000001	0.00029400	1.26175535	97.30991320	1.26207971	0.00000000	0.00000000	0.00000001	0.00029400	1.26231413	98.57183790
74	98.58424910	1.26429666	0.00030400	0.00000001	0.00000000	0.00000000	1.26406212	97.32035080	1.26372860	0.00030400	0.00000001	0.00000000	0.00030400	1.26367006	97.32052150	1.26385180	0.00030400	0.00000001	0.00000001	0.00030400	1.26385180	97.32052150	1.26367006	0.00030400	0.00000000	0.00000001	0.00030400	1.26372860	97.32035080	1.26406212	0.00000000	0.00000000	0.00000001	0.00030400	1.26429666	98.58424910
75	98.59556020	1.26612816	0.00031300	0.00000001	0.00000000	0.00000000	1.26589352	97.32983920	1.26555100	0.00031200	0.00000001	0.00000000	0.00031300	1.26549228	97.33001020	1.26567426	0.00031300	0.00000001	0.00000001	0.00031300	1.26567426	97.33001020	1.26549228	0.00031300	0.00000000	0.00000001	0.00031200	1.26555100	97.32983920	1.26589352	0.00000000	0.00000000	0.00000001	0.00031300	1.26612816	98.59556020
76	98.60586900	1.26781968	0.00032100	0.00000001	0.00000000	0.00000000	1.26758495	97.33846510	1.26723363	0.00032100	0.00000001	0.00000000	0.00032100	1.26717474	97.33863620	1.26735694	0.00032100	0.00000001	0.00000001	0.00032100	1.26735694	97.33863620	1.26717474	0.00032100	0.00000000	0.00000001	0.00032100	1.26723363	97.33846510	1.26758495	0.00000000	0.00000000	0.00000001	0.00032100	1.26781968	98.60586900
77	98.61526440	1.26938151	0.00033000	0.00000002	0.00000000	0.00000000	1.26914669	97.34630710	1.26878678	0.00033000	0.00000002	0.00000000	0.00033000	1.26872773	97.34647840	1.26891014	0.00033000	0.00000002	0.00000002	0.00033000	1.26891014	97.34647840	1.26872773	0.00033000	0.00000000	0.00000002	0.00033000	1.26878678	97.34630710	1.26914669	0.00000000	0.00000000	0.00000002	0.00033000	1.26938151	98.61526440
78	98.62382750	1.27082322	0.00033800	0.00000002	0.00000000	0.00000000	1.27058833	97.35343660	1.27022004	0.00033800	0.00000002	0.00000000	0.00033800	1.27016084	97.35360810	1.27034345	0.00033800	0.00000002	0.00000002	0.00033800	1.27034345	97.35360810	1.27016084	0.00033800	0.00000000	0.00000002	0.00033800	1.27022004	97.35343660	1.27058833	0.00000000	0.00000000	0.00000002	0.00033800	1.27082322	98.62382750
79	98.63163210	1.27215374	0.00034600	0.00000002	0.00000000	0.00000000	1.27191877	97.35991870	1.27154233	0.00034600	0.00000002	0.00000000	0.00034600	1.27148300	97.36009040	1.27166578	0.00034600	0.00000002	0.00000002	0.00034600	1.27166578	97.36009040	1.27148300	0.00034600	0.00000000	0.00000002	0.00034600	1.27154233	97.35991870	1.27191877	0.00000000	0.00000000	0.00000002	0.00034600	1.27215374	98.63163210
80	98.63874560	1.27338135	0.00035400	0.00000002	0.00000000	0.00000000	1.27314632	97.36581230	1.27276194	0.00035400	0.00000002	0.00000000	0.00035400	1.27270248	97.36598410	1.27288543	0.00035400	0.00000002	0.00000002	0.00035400	1.27288543	97.36598410	1.27270248	0.00035400	0.00000000	0.00000002	0.00035400	1.27276194	97.36581230	1.27314632	0.00000000	0.00000000	0.00000002	0.00035400	1.27338135	98.63874560
81	98.64522910	1.27451376	0.00036200	0.00000002	0.00000000	0.00000000	1.27427866	97.37117100	1.27388657	0.00036200	0.00000002	0.00000000	0.00036200	1.27382700	97.37134300	1.27401011	0.00036200	0.00000002	0.00000002	0.00036200	1.27401011	97.37134300	1.27382700	0.00036200	0.00000000	0.00000002	0.00036200	1.27388657	97.37117100	1.27427866	0.00000000	0.00000000	0.00000002	0.00036200	1.27451376	98.64522910
82	98.65113860	1.27555811	0.00036900	0.00000002	0.00000000	0.00000000	1.27532296	97.37604350	1.27492339	0.00036900	0.00000002	0.00000000	0.00036900	1.27486372	97.37621560	1.27504697	0.00036900	0.00000002	0.00000002	0.00036900	1.27504697	97.37621560	1.27486372	0.00036900	0.00000000	0.00000002	0.00036900	1.27492339	97.37604350	1.27532296	0.00000000	0.00000000	0.00000002	0.00036900	1.27555811	98.65113860
83	98.65652510	1.27652105	0.00037600	0.00000003	0.00000000	0.00000000	1.27628586	97.38047410	1.27587905	0.00037600	0.00000003	0.00000000	0.00037700	1.27581928	97.38064630	1.27600266	0.00037600	0.00000003	0.00000003	0.00037600	1.27600266	97.38064630	1.27581928	0.00037700	0.00000000	0.00000003	0.00037600	1.27587905	97.38047410	1.27628586	0.00000000	0.00000000	0.00000003	0.00037600	1.27652105	98.65652510
84	98.66143470	1.27740875	0.00038300	0.00000003	0.00000000	0.00000000	1.27717352	97.38450290	1.27675970	0.00038300	0.00000003	0.00000000	0.00038300	1.27669985	97.38467530	1.27688335	0.00038300	0.00000003	0.00000003	0.00038300	1.27688335	97.38467530	1.27669985	0.00038300	0.00000000	0.00000003	0.00038300	1.27675970	97.38450290	1.27717352	0.00000000	0.00000000	0.00000003	0.00038300	1.27740875	98.66143470
85	98.66590990	1.27822693	0.00039000	0.00000003	0.00000000	0.00000000	1.27799165	97.38816650	1.27757106	0.00039000	0.00000003	0.00000000	0.00039000	1.27751113	97.38833900	1.27769474	0.00039000	0.00000003	0.00000003	0.00039000	1.27769474	97.38833900	1.27751113	0.00039000	0.00000000	0.00000003	0.00039000	1.27757106	97.38816650	1.27799165	0.00000000	0.00000000	0.00000003	0.00039000	1.27822693	98.66590990
86	98.66998910	1.27898088	0.00039700	0.00000003	0.00000000	0.00000000	1.27874556	97.39149820	1.27831844	0.00039700	0.00000003	0.00000000	0.00039700	1.27825844	97.39167080	1.27844216	0.00039700	0.00000003	0.00000003	0.00039700	1.27844216	97.39167080	1.27825844	0.00039700	0.00000000	0.00000003	0.00039700	1.27831844	97.39149820	1.27874556	0.00000000	0.00000000	0.00000003	0.00039700	1.27898088	98.66998910
87	98.67370740	1.27967552	0.00040300	0.00000004	0.00000000	0.00000000	1.27944017	97.39452800	1.27900675	0.00040300	0.00000004	0.00000000	0.00040300	1.27894668	97.39470070	1.27913049	0.00040300	0.00000004	0.00000004	0.00040300	1.27913049	97.39470070	1.27894668	0.00040300	0.00000000	0.00000004	0.00040300	1.27900675	97.39452800	1.27944017	0.00000000	0.00000000	0.00000004	0.00040300	1.27967552	98.67370740
88	98.67709680	1.28031539	0.00040900	0.00000004	0.00000000	0.00000000	1.28008001	97.39728350	1.27964053	0.00040900	0.00000004	0.00000000	0.00040900	1.27958040	97.39745630	1.27976430	0.00040900	0.00000004	0.00000004	0.00040900	1.27976430	97.39745630	1.27958040	0.00040900	0.00000000	0.00000004	0.00040900	1.27964053	97.39728350	1.28008001	0.00000000	0.00000000	0.00000004	0.00040900	1.28031539	98.67709680
89	98.68018640	1.28090472	0.00041500	0.00000004	0.00000000	0.00000000	1.28066932	97.39978950	1.28022400	0.00041500	0.00000004	0.00000000	0.00041500	1.28016382	97.39996240	1.28034780	0.00041500	0.00000004	0.00000004	0.00041500	1.28034780	97.39996240	1.28016382	0.00041500	0.00000000	0.00000004	0.00041500	1.28022400	97.39978950	1.28066932	0.00000000	0.00000000	0.00000004	0.00041500	1.28090472	98.68018640
90	98.68300270	1.28144741	0.00042000	0.00000004	0.00000000	0.00000000	1.28121198	97.40206860	1.28076106	0.00042000	0.00000004	0.00000000	0.00042000	1.28070083	97.40224160	1.28088488	0.00042000	0.00000004	0.00000004	0.00042000	1.28088488	97.40224160	1.28070083	0.00042000	0.00000000	0.00000004	0.00042000	1.28076106	97.40206860	1.28121198	0.00000000	0.00000000	0.00000004	0.00042000	1.28144741	98.68300270
91	98.68557000	1.28194706	0.00042600	0.00000005	0.00000000	0.00000000	1.28171161	97.40414160	1.28125531	0.00042600	0.00000005	0.00000000	0.00042600	1.28119503	97.40431460	1.28137916	0.00042600	0.00000005	0.00000005	0.00042600	1.28137916	97.40431460	1.28119503	0.00042600	0.00000000	0.00000005	0.00042600	1.28125531	97.40414160	1.28171161	0.00000000	0.00000000	0.00000005	0.00042600	1.28194706	98.68557000
92	98.68791030	1.28240702	0.00043100	0.00000005	0.00000000	0.00000000	1.28217154	97.40602700	1.28171009	0.00043100	0.00000005	0.00000000	0.00043100	1.28164977	97.40620010	1.28183396	0.00043100	0.00000005	0.00000005	0.00043100	1.28183396	97.40620010	1.28164977	0.00043100	0.00000000	0.00000005	0.00043100	1.28171009	97.40602700	1.28217154	0.00000000	0.00000000	0.00000005	0.00043100	1.28240702	98.68791030
93	98.69004380	1.28283037	0.00043600	0.00000005	0.00000000	0.00000000	1.28259488	97.40774190	1.28212848	0.00043600	0.00000005	0.00000000	0.00043600	1.28206812	97.40791510	1.28225237	0.00043600	0.00000005	0.00000005	0.00043600	1.28225237	97.40791510	1.28206812	0.00043600	0.00000000	0.00000005	0.00043600	1.28212848	97.40774190	1.28259488	0.00000000	0.00000000	0.00000005	0.00043600	1.28283037	98.69004380
94	98.69198860	1.28321998	0.00044100	0.00000005	0.00000000	0.00000000	1.28298446	97.40930180	1.28251334	0.00044000	0.00000005	0.00000000	0.00044100	1.28245294	97.40947500	1.28263724	0.00044000	0.00000005	0.00000005	0.00044000	1.28263724	97.40947500	1.28245294	0.00044100	0.00000000	0.00000005	0.00044000	1.28251334	97.40930180	1.28298446	0.00000000	0.00000000	0.00000005	0.00044100	1.28321998	98.69198860
95	98.69376150	1.28357847	0.00044500	0.00000006	0.00000000	0.00000000	1.28334294	97.41072070	1.28286729	0.00044500	0.00000006	0.00000000	0.00044500	1.28280686	97.41089400	1.28299121	0.00044500	0.00000006	0.00000006	0.00044500	1.28299121	97.41089400	1.28280686	0.00044500	0.00000000	0.00000006	0.00044500	1.28286729	97.41072070	1.28334294	0.00000000	0.00000000	0.00000006	0.00044500	1.28357847	98.69376150
96	98.69537780	1.28390828	0.00044900	0.00000006	0.00000000	0.00000000	1.28367274	97.41201140	1.28319277	0.00044900	0.00000006	0.00000000	0.00044900	1.28313231	97.41218470	1.28331671	0.00044900	0.00000006	0.00000006	0.00044900	1.28331671	97.41218470	1.28313231	0.00044900	0.00000000	0.00000006	0.00044900	1.28319277	97.41201140	1.28367274	0.00000000	0.00000000	0.00000006	0.00044900	1.28390828	98.69537780
97	98.69685120	1.28421168	0.00045300	0.00000006	0.00000000	0.00000000	1.28397612	97.41318550	1.28349203	0.00045300	0.00000006	0.00000000	0.00045300	1.28343154	97.41335890	1.28361599	0.00045300	0.00000006	0.00000006	0.00045300	1.28361599	97.41335890	1.28343154	0.00045300	0.00000000	0.00000006	0.00045300	1.28349203	97.41318550	1.28397612	0.00000000	0.00000000	0.00000006	0.00045300	1.28421168	98.69685120
98	98.69819450	1.28449073	0.00045700	0.00000007	0.00000000	0.00000000	1.28425516	97.41425360	1.28376714	0.00045700	0.00000007	0.00000000	0.00045700	1.28370662	97.41442700	1.28389111	0.00045700	0.00000007	0.00000007	0.00045700	1.28389111	97.41442700	1.28370662	0.00045700	0.00000000	0.00000007	0.00045700	1.28376714	97.41425360	1.28425516	0.00000000	0.00000000	0.00000007	0.00045700	1.28449073	98.69819450
99	98.69941900	1.28474737	0.00046100	0.00000007	0.00000000	0.00000000	1.28451179	97.41522520	1.28402001	0.00046100	0.00000007	0.00000000	0.00046100	1.28395947	97.41539870	1.28414399	0.00046100	0.00000007	0.00000007	0.00046100	1.28414399	97.41539870	1.28395947	0.00046100	0.00000000	0.00000007	0.00046100	1.28402001	97.41522520	1.28451179	0.00000000	0.00000000	0.00000007	0.00046100	1.28474737	98.69941900
100	98.70053540	1.28498335	0.00046500	0.00000007	0.00000000	0.00000000	1.28474776	97.41610920	1.28425241	0.00046500	0.00000007	0.00000000	0.00046500	1.28419185	97.41628260	1.28437641	0.00046500	0.00000007	0.00000007	0.00046500	1.28437641	97.41628260	1.28419185	0.00046500	0.00000000	0.00000007	0.00046500	1.28425241	97.41610920	1.28474776	0.00000000	0.00000000	0.00000007	0.00046500	1.28498335	98.70053540
101	98.70155320	1.28520032	0.00046800	0.00000008	0.00000000	0.00000000	1.28496472	97.41691330	1.28446597	0.00046800	0.00000008	0.00000000	0.00046800	1.28440539	97.41708680	1.28458998	0.00046800	0.00000008	0.00000008	0.00046800	1.28458998	97.41708680	1.28440539	0.00046800	0.00000000	0.00000008	0.00046800	1.28446597	97.41691330	1.28496472	0.00000000	0.00000000	0.00000008	0.00046800	1.28520032	98.70155320
102	98.70248110	1.28539978	0.00047100	0.00000008	0.00000000	0.00000000	1.28516417	97.41764490	1.28466219	0.00047100	0.00000008	0.00000000	0.00047100	1.28460160	97.41781850	1.28478622	0.00047100	0.00000008	0.00000008	0.00047100	1.28478622	97.41781850	1.28460160	0.00047100	0.00000000	0.00000008	0.00047100	1.28466219	97.41764490	1.28516417	0.00000000	0.00000000	0.00000008	0.00047100	1.28539978	98.70248110
103	98.70332700	1.28558313	0.00047400	0.00000008	0.00000000	0.00000000	1.28534751	97.41831060	1.28484246	0.00047400	0.00000008	0.00000000	0.00047400	1.28478185	97.41848420	1.28496650	0.00047400	0.00000008	0.00000008	0.00047400	1.28496650	97.41848420	1.28478185	0.00047400	0.00000000	0.00000008	0.00047400	1.28484246	97.41831060	1.28534751	0.00000000	0.00000000	0.00000008	0.00047400	1.28558313	98.70332700
104	98.70409830	1.28575165	0.00047700	0.00000009	0.00000000	0.00000000	1.28551602	97.41891620	1.28500806	0.00047700	0.00000009	0.00000000	0.00047700	1.28494743	97.41908980	1.28513210	0.00047700	0.00000009	0.00000009	0.00047700	1.28513210	97.41908980	1.28494743	0.00047700	0.00000000	0.00000009	0.00047700	1.28500806	97.41891620	1.28551602	0.00000000	0.00000000	0.00000009	0.00047700	1.28575165	98.70409830
105	98.70480140	1.28590651	0.00048000	0.00000009	0.00000000	0.00000000	1.28567089	97.41946720	1.28516015	0.00048000	0.00000009	0.00000000	0.00048000	1.28509951	97.41964080	1.28528420	0.00048000	0.00000009	0.00000009	0.00048000	1.28528420	97.41964080	1.28509951	0.00048000	0.00000000	0.00000009	0.00048000	1.28516015	97.41946720	1.28567089	0.00000000	0.00000000	0.00000009	0.00048000	1.28590651	98.70480140
106	98.70544250	1.28604882	0.00048300	0.00000009	0.00000000	0.00000000	1.28581319	97.41996860	1.28529983	0.00048300	0.00000009	0.00000000	0.00048300	1.28523918	97.42014220	1.28542389	0.00048300	0.00000009	0.00000009	0.00048300	1.28542389	97.42014220	1.28523918	0.00048300	0.00000000	0.00000009	0.00048300	1.28529983	97.41996860	1.28581319	0.00000000	0.00000000	0.00000009	0.00048300	1.28604882	98.70544250
107	98.70602700	1.28617958	0.00048500	0.00000010	0.00000000	0.00000000	1.28594394	97.42042470	1.28542810	0.00048500	0.00000010	0.00000000	0.00048500	1.28536743	97.42059840	1.28555217	0.00048500	0.00000010	0.00000010	0.00048500	1.28555217	97.42059840	1.28536743	0.00048500	0.00000000	0.00000010	0.00048500	1.28542810	97.42042470	1.28594394	0.00000000	0.00000000	0.00000010	0.00048500	1.28617958	98.70602700
108	98.70655990	1.28629971	0.00048700	0.00000010	0.00000000	0.00000000	1.28606406	97.42083980	1.28554587	0.00048700	0.00000010	0.00000000	0.00048800	1.28548519	97.42101350	1.28566994	0.00048700	0.00000010	0.00000010	0.00048700	1.28566994	97.42101350	1.28548519	0.00048800	0.00000000	0.00000010	0.00048700	1.28554587	97.42083980	1.28606406	0.00000000	0.00000000	0.00000010	0.00048700	1.28629971	98.70655990
109	98.70704570	1.28641006	0.00049000	0.00000010	0.00000000	0.00000000	1.28617441	97.42121750	1.28565399	0.00049000	0.00000010	0.00000000	0.00049000	1.28559330	97.42139120	1.28577807	0.00049000	0.00000010	0.00000010	0.00049000	1.28577807	97.42139120	1.28559330	0.00049000	0.00000000	0.00000010	0.00049000	1.28565399	97.42121750	1.28617441	0.00000000	0.00000000	0.00000010	0.00049000	1.28641006	98.70704570
110	98.70748870	1.28651143	0.00049200	0.00000011	0.00000000	0.00000000	1.28627577	97.42156120	1.28575324	0.00049200	0.00000011	0.00000000	0.00049200	1.28569255	97.42173490	1.28587733	0.00049200	0.00000011	0.00000011	0.00049200	1.28587733	97.42173490	1.28569255	0.00049200	0.00000000	0.00000011	0.00049200	1.28575324	97.42156120	1.28627577	0.00000000	0.00000000	0.00000011	0.00049200	1.28651143	98.70748870
111	98.70789260	1.28660453	0.00049400	0.00000011	0.00000000	0.00000000	1.28636887	97.42187400	1.28584434	0.00049400	0.00000011	0.00000000	0.00049400	1.28578364	97.42204770	1.28596844	0.00049400	0.00000011	0.00000011	0.00049400	1.28596844	97.42204770	1.28578364	0.00049400	0.00000000	0.00000011	0.00049400	1.28584434	97.42187400	1.28636887	0.00000000	0.00000000	0.00000011	0.00049400	1.28660453	98.70789260
112	98.70826080	1.28669003	0.00049600	0.00000011	0.00000000	0.00000000	1.28645437	97.42215860	1.28592796	0.00049600	0.00000011	0.00000000	0.00049600	1.28586725	97.42233230	1.28605206	0.00049600	0.00000011	0.00000011	0.00049600	1.28605206	97.42233230	1.28586725	0.00049600	0.00000000	0.00000011	0.00049600	1.28592796	97.42215860	1.28645437	0.00000000	0.00000000	0.00000011	0.00049600	1.28669003	98.70826080
113	98.70859660	1.28676854	0.00049700	0.00000011	0.00000000	0.00000000	1.28653288	97.42241760	1.28600469	0.00049700	0.00000011	0.00000000	0.00049700	1.28594398	97.42259130	1.28612880	0.00049700	0.00000011	0.00000011	0.00049700	1.28612880	97.42259130	1.28594398	0.00049700	0.00000000	0.00000011	0.00049700	1.28600469	97.42241760	1.28653288	0.00000000	0.00000000	0.00000011	0.00049700	1.28676854	98.70859660
114	98.70890270	1.28684063	0.00049900	0.00000012	0.00000000	0.00000000	1.28660497	97.42265330	1.28607510	0.00049900	0.00000012	0.00000000	0.00049900	1.28601438	97.42282700	1.28619922	0.00049900	0.00000012	0.00000012	0.00049900	1.28619922	97.42282700	1.28601438	0.00049900	0.00000000	0.00000012	0.00049900	1.28607510	97.42265330	1.28660497	0.00000000	0.00000000	0.00000012	0.00049900	1.28684063	98.70890270
115	98.70918180	1.28690682	0.00050100	0.00000012	0.00000000	0.00000000	1.28667116	97.42286780	1.28613971	0.00050100	0.00000012	0.00000000	0.00050100	1.28607898	97.42304150	1.28626383	0.00050100	0.00000012	0.00000012	0.00050100	1.28626383	97.42304150	1.28607898	0.00050100	0.00000000	0.00000012	0.00050100	1.28613971	97.42286780	1.28667116	0.00000000	0.00000000	0.00000012	0.00050100	1.28690682	98.70918180
116	98.70943630	1.28696759	0.00050200	0.00000012	0.00000000	0.00000000	1.28673192	97.42306300	1.28619898	0.00050200	0.00000012	0.00000000	0.00050200	1.28613825	97.42323680	1.28632310	0.00050200	0.00000012	0.00000012	0.00050200	1.28632310	97.42323680	1.28613825	0.00050200	0.00000000	0.00000012	0.00050200	1.28619898	97.42306300	1.28673192	0.00000000	0.00000000	0.00000012	0.00050200	1.28696759	98.70943630
117	98.70966840	1.28702337	0.00050400	0.00000013	0.00000000	0.00000000	1.28678770	97.42324060	1.28625336	0.00050300	0.00000013	0.00000000	0.00050400	1.28619262	97.42341440	1.28637748	0.00050300	0.00000013	0.00000013	0.00050300	1.28637748	97.42341440	1.28619262	0.00050400	0.00000000	0.00000013	0.00050300	1.28625336	97.42324060	1.28678770	0.00000000	0.00000000	0.00000013	0.00050400	1.28702337	98.70966840
118	98.70988000	1.28707458	0.00050500	0.00000013	0.00000000	0.00000000	1.28683891	97.42340230	1.28630324	0.00050500	0.00000013	0.00000000	0.00050500	1.28624250	97.42357610	1.28642737	0.00050500	0.00000013	0.00000013	0.00050500	1.28642737	97.42357610	1.28624250	0.00050500	0.00000000	0.00000013	0.00050500	1.28630324	97.42340230	1.28683891	0.00000000	0.00000000	0.00000013	0.00050500	1.28707458	98.70988000
119	98.71007290	1.28712158	0.00050600	0.00000013	0.00000000	0.00000000	1.28688590	97.42354950	1.28634899	0.00050600	0.00000013	0.00000000	0.00050600	1.28628824	97.42372330	1.28647312	0.00050600	0.00000013	0.00000013	0.00050600	1.28647312	97.42372330	1.28628824	0.00050600	0.00000000	0.00000013	0.00050600	1.28634899	97.42354950	1.28688590	0.00000000	0.00000000	0.00000013	0.00050600	1.28712158	98.71007290
120	98.71024880	1.28716471	0.00050700	0.00000014	0.00000000	0.00000000	1.28692904	97.42368340	1.28639094	0.00050700	0.00000014	0.00000000	0.00050700	1.28633020	97.42385720	1.28651508	0.00050700	0.00000014	0.00000014	0.00050700	1.28651508	97.42385720	1.28633020	0.00050700	0.00000000	0.00000014	0.00050700	1.28639094	97.42368340	1.28692904	0.00000000	0.00000000	0.00000014	0.00050700	1.28716471	98.71024880
121	98.71040920	1.28720429	0.00050800	0.00000014	0.00000000	0.00000000	1.28696862	97.42380530	1.28642942	0.00050800	0.00000014	0.00000000	0.00050800	1.28636867	97.42397910	1.28655356	0.00050800	0.00000014	0.00000014	0.00050800	1.28655356	97.42397910	1.28636867	0.00050800	0.00000000	0.00000014	0.00050800	1.28642942	97.42380530	1.28696862	0.00000000	0.00000000	0.00000014	0.00050800	1.28720429	98.71040920
122	98.71055540	1.28724062	0.00050900	0.00000014	0.00000000	0.00000000	1.28700494	97.42391630	1.28646471	0.00050900	0.00000014	0.00000000	0.00051000	1.28640396	97.42409010	1.28658885	0.00050900	0.00000014	0.00000014	0.00050900	1.28658885	97.42409010	1.28640396	0.00051000	0.00000000	0.00000014	0.00050900	1.28646471	97.42391630	1.28700494	0.00000000	0.00000000	0.00000014	0.00050900	1.28724062	98.71055540
123	98.71068880	1.28727395	0.00051000	0.00000014	0.00000000	0.00000000	1.28703827	97.42401730	1.28649706	0.00051000	0.00000014	0.00000000	0.00051100	1.28643631	97.42419110	1.28662121	0.00051000	0.00000014	0.00000014	0.00051000	1.28662121	97.42419110	1.28643631	0.00051100	0.00000000	0.00000014	0.00051000	1.28649706	97.42401730	1.28703827	0.00000000	0.00000000	0.00000014	0.00051000	1.28727395	98.71068880
124	98.71081040	1.28730453	0.00051100	0.00000015	0.00000000	0.00000000	1.28706885	97.42410920	1.28652673	0.00051100	0.00000015	0.00000000	0.00051100	1.28646597	97.42428300	1.28665087	0.00051100	0.00000015	0.00000015	0.00051100	1.28665087	97.42428300	1.28646597	0.00051100	0.00000000	0.00000015	0.00051100	1.28652673	97.42410920	1.28706885	0.00000000	0.00000000	0.00000015	0.00051100	1.28730453	98.71081040
125	98.71092130	1.28733258	0.00051200	0.00000015	0.00000000	0.00000000	1.28709690	97.42419290	1.28655392	0.00051200	0.00000015	0.00000000	0.00051200	1.28649316	97.42436670	1.28667807	0.00051200	0.00000015	0.00000015	0.00051200	1.28667807	97.42436670	1.28649316	0.00051200	0.00000000	0.00000015	0.00051200	1.28655392	97.42419290	1.28709690	0.00000000	0.00000000	0.00000015	0.00051200	1.28733258	98.71092130
126	98.71102240	1.28735832	0.00051300	0.00000015	0.00000000	0.00000000	1.28712264	97.42426910	1.28657886	0.00051300	0.00000015	0.00000000	0.00051300	1.28651809	97.42444290	1.28670301	0.00051300	0.00000015	0.00000015	0.00051300	1.28670301	97.42444290	1.28651809	0.00051300	0.00000000	0.00000015	0.00051300	1.28657886	97.42426910	1.28712264	0.00000000	0.00000000	0.00000015	0.00051300	1.28735832	98.71102240
127	98.71111460	1.28738193	0.00051400	0.00000015	0.00000000	0.00000000	1.28714625	97.42433840	1.28660171	0.00051400	0.00000015	0.00000000	0.00051400	1.28654094	97.42451220	1.28672586	0.00051400	0.00000015	0.00000015	0.00051400	1.28672586	97.42451220	1.28654094	0.00051400	0.00000000	0.00000015	0.00051400	1.28660171	97.42433840	1.28714625	0.00000000	0.00000000	0.00000015	0.00051400	1.28738193	98.71111460
128	98.71119860	1.28740359	0.00051500	0.00000016	0.00000000	0.00000000	1.28716791	97.42440150	1.28662266	0.00051400	0.00000016	0.00000000	0.00051500	1.28656189	97.42457530	1.28674681	0.00051400	0.00000016	0.00000016	0.00051400	1.28674681	97.42457530	1.28656189	0.00051500	0.00000000	0.00000016	0.00051400	1.28662266	97.42440150	1.28716791	0.00000000	0.00000000	0.00000016	0.00051500	1.28740359	98.71119860
129	98.71127530	1.28742346	0.00051500	0.00000016	0.00000000	0.00000000	1.28718777	97.42445900	1.28664186	0.00051500	0.00000016	0.00000000	0.00051500	1.28658109	97.42463280	1.28676601	0.00051500	0.00000016	0.00000016	0.00051500	1.28676601	97.42463280	1.28658109	0.00051500	0.00000000	0.00000016	0.00051500	1.28664186	97.42445900	1.28718777	0.00000000	0.00000000	0.00000016	0.00051500	1.28742346	98.71127530
130	98.71134520	1.28744168	0.00051600	0.00000016	0.00000000	0.00000000	1.28720599	97.42451130	1.28665945	0.00051600	0.00000016	0.00000000	0.00051600	1.28659868	97.42468510	1.28678361	0.00051600	0.00000016	0.00000016	0.00051600	1.28678361	97.42468510	1.28659868	0.00051600	0.00000000	0.00000016	0.00051600	1.28665945	97.42451130	1.28720599	0.00000000	0.00000000	0.00000016	0.00051600	1.28744168	98.71134520
131	98.71140890	1.28745838	0.00051600	0.00000016	0.00000000	0.00000000	1.28722270	97.42455890	1.28667558	0.00051600	0.00000016	0.00000000	0.00051600	1.28661481	97.42473270	1.28679974	0.00051600	0.00000016	0.00000016	0.00051600	1.28679974	97.42473270	1.28661481	0.00051600	0.00000000	0.00000016	0.00051600	1.28667558	97.42455890	1.28722270	0.00000000	0.00000000	0.00000016	0.00051600	1.28745838	98.71140890
132	98.71146710	1.28747371	0.00051700	0.00000016	0.00000000	0.00000000	1.28723802	97.42460220	1.28669035	0.00051700	0.00000016	0.00000000	0.00051700	1.28662958	97.42477610	1.28681451	0.00051700	0.00000016	0.00000016	0.00051700	1.28681451	97.42477610	1.28662958	0.00051700	0.00000000	0.00000016	0.00051700	1.28669035	97.42460220	1.28723802	0.00000000	0.00000000	0.00000016	0.00051700	1.28747371	98.71146710
133	98.71152010	1.28748776	0.00051700	0.00000017	0.00000000	0.00000000	1.28725208	97.42464170	1.28670389	0.00051700	0.00000017	0.00000000	0.00051700	1.28664312	97.42481550	1.28682805	0.00051700	0.00000017	0.00000017	0.00051700	1.28682805	97.42481550	1.28664312	0.00051700	0.00000000	0.00000017	0.00051700	1.28670389	97.42464170	1.28725208	0.00000000	0.00000000	0.00000017	0.00051700	1.28748776	98.71152010
134	98.71156840	1.28750064	0.00051800	0.00000017	0.00000000	0.00000000	1.28726496	97.42467760	1.28671630	0.00051800	0.00000017	0.00000000	0.00051800	1.28665552	97.42485140	1.28684046	0.00051800	0.00000017	0.00000017	0.00051800	1.28684046	97.42485140	1.28665552	0.00051800	0.00000000	0.00000017	0.00051800	1.28671630	97.42467760	1.28726496	0.00000000	0.00000000	0.00000017	0.00051800	1.28750064	98.71156840
135	98.71161250	1.28751246	0.00051800	0.00000017	0.00000000	0.00000000	1.28727677	97.42471030	1.28672766	0.00051800	0.00000017	0.00000000	0.00051800	1.28666689	97.42488410	1.28685183	0.00051800	0.00000017	0.00000017	0.00051800	1.28685183	97.42488410	1.28666689	0.00051800	0.00000000	0.00000017	0.00051800	1.28672766	97.42471030	1.28727677	0.00000000	0.00000000	0.00000017	0.00051800	1.28751246	98.71161250
136	98.71165270	1.28752329	0.00051900	0.00000017	0.00000000	0.00000000	1.28728761	97.42474010	1.28673808	0.00051900	0.00000017	0.00000000	0.00051900	1.28667730	97.42491390	1.28686224	0.00051900	0.00000017	0.00000017	0.00051900	1.28686224	97.42491390	1.28667730	0.00051900	0.00000000	0.00000017	0.00051900	1.28673808	97.42474010	1.28728761	0.00000000	0.00000000	0.00000017	0.00051900	1.28752329	98.71165270
137	98.71168930	1.28753322	0.00051900	0.00000017	0.00000000	0.00000000	1.28729754	97.42476720	1.28674762	0.00051900	0.00000017	0.00000000	0.00051900	1.28668684	97.42494100	1.28687178	0.00051900	0.00000017	0.00000017	0.00051900	1.28687178	97.42494100	1.28668684	0.00051900	0.00000000	0.00000017	0.00051900	1.28674762	97.42476720	1.28729754	0.00000000	0.00000000	0.00000017	0.00051900	1.28753322	98.71168930
138	98.71172270	1.28754233	0.00052000	0.00000018	0.00000000	0.00000000	1.28730664	97.42479190	1.28675636	0.00051900	0.00000018	0.00000000	0.00052000	1.28669558	97.42496570	1.28688052	0.00051900	0.00000018	0.00000018	0.00051900	1.28688052	97.42496570	1.28669558	0.00052000	0.00000000	0.00000018	0.00051900	1.28675636	97.42479190	1.28730664	0.00000000	0.00000000	0.00000018	0.00052000	1.28754233	98.71172270
139	98.71175320	1.28755067	0.00052000	0.00000018	0.00000000	0.00000000	1.28731499	97.42481440	1.28676436	0.00052000	0.00000018	0.00000000	0.00052000	1.28670358	97.42498820	1.28688853	0.00052000	0.00000018	0.00000018	0.00052000	1.28688853	97.42498820	1.28670358	0.00052000	0.00000000	0.00000018	0.00052000	1.28676436	97.42481440	1.28731499	0.00000000	0.00000000	0.00000018	0.00052000	1.28755067	98.71175320
140	98.71178100	1.28755832	0.00052000	0.00000018	0.00000000	0.00000000	1.28732264	97.42483480	1.28677169	0.00052000	0.00000018	0.00000000	0.00052000	1.28671091	97.42500870	1.28689586	0.00052000	0.00000018	0.00000018	0.00052000	1.28689586	97.42500870	1.28671091	0.00052000	0.00000000	0.00000018	0.00052000	1.28677169	97.42483480	1.28732264	0.00000000	0.00000000	0.00000018	0.00052000	1.28755832	98.71178100
141	98.71180630	1.28756533	0.00052100	0.00000018	0.00000000	0.00000000	1.28732965	97.42485340	1.28677841	0.00052000	0.00000018	0.00000000	0.00052100	1.28671763	97.42502730	1.28690257	0.00052000	0.00000018	0.00000018	0.00052000	1.28690257	97.42502730	1.28671763	0.00052100	0.00000000	0.00000018	0.00052000	1.28677841	97.42485340	1.28732965	0.00000000	0.00000000	0.00000018	0.00052100	1.28756533	98.71180630
142	98.71182950	1.28757176	0.00052100	0.00000018	0.00000000	0.00000000	1.28733608	97.42487040	1.28678455	0.00052100	0.00000018	0.00000000	0.00052100	1.28672378	97.42504420	1.28690872	0.00052100	0.00000018	0.00000018	0.00052100	1.28690872	97.42504420	1.28672378	0.00052100	0.00000000	0.00000018	0.00052100	1.28678455	97.42487040	1.28733608	0.00000000	0.00000000	0.00000018	0.00052100	1.28757176	98.71182950
143	98.71185050	1.28757765	0.00052100	0.00000018	0.00000000	0.00000000	1.28734197	97.42488590	1.28679019	0.00052100	0.00000018	0.00000000	0.00052100	1.28672941	97.42505970	1.28691436	0.00052100	0.00000018	0.00000018	0.00052100	1.28691436	97.42505970	1.28672941	0.00052100	0.00000000	0.00000018	0.00052100	1.28679019	97.42488590	1.28734197	0.00000000	0.00000000	0.00000018	0.00052100	1.28757765	98.71185050
144	98.71186980	1.28758305	0.00052100	0.00000019	0.00000000	0.00000000	1.28734737	97.42489990	1.28679534	0.00052100	0.00000019	0.00000000	0.00052100	1.28673456	97.42507370	1.28691951	0.00052100	0.00000019	0.00000019	0.00052100	1.28691951	97.42507370	1.28673456	0.00052100	0.00000000	0.00000019	0.00052100	1.28679534	97.42489990	1.28734737	0.00000000	0.00000000	0.00000019	0.00052100	1.28758305	98.71186980
145	98.71188730	1.28758800	0.00052200	0.00000019	0.00000000	0.00000000	1.28735231	97.42491270	1.28680007	0.00052100	0.00000019	0.00000000	0.00052200	1.28673929	97.42508660	1.28692424	0.00052100	0.00000019	0.00000019	0.00052100	1.28692424	97.42508660	1.28673929	0.00052200	0.00000000	0.00000019	0.00052100	1.28680007	97.42491270	1.28735231	0.00000000	0.00000000	0.00000019	0.00052200	1.28758800	98.71188730
146	98.71190330	1.28759254	0.00052200	0.00000019	0.00000000	0.00000000	1.28735685	97.42492440	1.28680439	0.00052200	0.00000019	0.00000000	0.00052200	1.28674361	97.42509820	1.28692856	0.00052200	0.00000019	0.00000019	0.00052200	1.28692856	97.42509820	1.28674361	0.00052200	0.00000000	0.00000019	0.00052200	1.28680439	97.42492440	1.28735685	0.00000000	0.00000000	0.00000019	0.00052200	1.28759254	98.71190330
147	98.71191780	1.28759669	0.00052200	0.00000019	0.00000000	0.00000000	1.28736100	97.42493500	1.28680835	0.00052200	0.00000019	0.00000000	0.00052200	1.28674757	97.42510880	1.28693252	0.00052200	0.00000019	0.00000019	0.00052200	1.28693252	97.42510880	1.28674757	0.00052200	0.00000000	0.00000019	0.00052200	1.28680835	97.42493500	1.28736100	0.00000000	0.00000000	0.00000019	0.00052200	1.28759669	98.71191780
148	98.71193110	1.28760050	0.00052200	0.00000019	0.00000000	0.00000000	1.28736481	97.42494470	1.28681198	0.00052200	0.00000019	0.00000000	0.00052200	1.28675119	97.42511850	1.28693615	0.00052200	0.00000019	0.00000019	0.00052200	1.28693615	97.42511850	1.28675119	0.00052200	0.00000000	0.00000019	0.00052200	1.28681198	97.42494470	1.28736481	0.00000000	0.00000000	0.00000019	0.00052200	1.28760050	98.71193110
149	98.71194330	1.28760399	0.00052200	0.00000019	0.00000000	0.00000000	1.28736830	97.42495350	1.28681529	0.00052200	0.00000019	0.00000000	0.00052200	1.28675451	97.42512730	1.28693947	0.00052200	0.00000019	0.00000019	0.00052200	1.28693947	97.42512730	1.28675451	0.00052200	0.00000000	0.00000019	0.00052200	1.28681529	97.42495350	1.28736830	0.00000000	0.00000000	0.00000019	0.00052200	1.28760399	98.71194330
150	98.71195430	1.28760718	0.00052200	0.00000019	0.00000000	0.00000000	1.28737150	97.42496150	1.28681833	0.00052200	0.00000019	0.00000000	0.00052200	1.28675755	97.42513530	1.28694251	0.00052200	0.00000019	0.00000019	0.00052200	1.28694251	97.42513530	1.28675755	0.00052200	0.00000000	0.00000019	0.00052200	1.28681833	97.42496150	1.28737150	0.00000000	0.00000000	0.00000019	0.00052200	1.28760718	98.71195430
151	98.71196440	1.28761011	0.00052300	0.00000019	0.00000000	0.00000000	1.28737443	97.42496880	1.28682111	0.00052200	0.00000019	0.00000000	0.00052300	1.28676033	97.42514260	1.28694529	0.00052200	0.00000019	0.00000019	0.00052200	1.28694529	97.42514260	1.28676033	0.00052300	0.00000000	0.00000019	0.00052200	1.28682111	97.42496880	1.28737443	0.00000000	0.00000000	0.00000019	0.00052300	1.28761011	98.71196440
152	98.71197360	1.28761280	0.00052300	0.00000019	0.00000000	0.00000000	1.28737711	97.42497540	1.28682366	0.00052300	0.00000019	0.00000000	0.00052300	1.28676288	97.42514930	1.28694783	0.00052300	0.00000019	0.00000019	0.00052300	1.28694783	97.42514930	1.28676288	0.00052300	0.00000000	0.00000019	0.00052300	1.28682366	97.42497540	1.28737711	0.00000000	0.00000000	0.00000019	0.00052300	1.28761280	98.71197360
153	98.71198200	1.28761526	0.00052300	0.00000020	0.00000000	0.00000000	1.28737957	97.42498150	1.28682599	0.00052300	0.00000020	0.00000000	0.00052300	1.28676521	97.42515530	1.28695016	0.00052300	0.00000020	0.00000020	0.00052300	1.28695016	97.42515530	1.28676521	0.00052300	0.00000000	0.00000020	0.00052300	1.28682599	97.42498150	1.28737957	0.00000000	0.00000000	0.00000020	0.00052300	1.28761526	98.71198200
154	98.71198960	1.28761751	0.00052300	0.00000020	0.00000000	0.00000000	1.28738182	97.42498700	1.28682813	0.00052300	0.00000020	0.00000000	0.00052300	1.28676734	97.42516080	1.28695230	0.00052300	0.00000020	0.00000020	0.00052300	1.28695230	97.42516080	1.28676734	0.00052300	0.00000000	0.00000020	0.00052300	1.28682813	97.42498700	1.28738182	0.00000000	0.00000000	0.00000020	0.00052300	1.28761751	98.71198960
155	98.71199660	1.28761957	0.00052300	0.00000020	0.00000000	0.00000000	1.28738388	97.42499200	1.28683008	0.00052300	0.00000020	0.00000000	0.00052300	1.28676930	97.42516590	1.28695425	0.00052300	0.00000020	0.00000020	0.00052300	1.28695425	97.42516590	1.28676930	0.00052300	0.00000000	0.00000020	0.00052300	1.28683008	97.42499200	1.28738388	0.00000000	0.00000000	0.00000020	0.00052300	1.28761957	98.71199660
156	98.71200300	1.28762146	0.00052300	0.00000020	0.00000000	0.00000000	1.28738578	97.42499660	1.28683187	0.00052300	0.00000020	0.00000000	0.00052300	1.28677108	97.42517040	1.28695604	0.00052300	0.00000020	0.00000020	0.00052300	1.28695604	97.42517040	1.28677108	0.00052300	0.00000000	0.00000020	0.00052300	1.28683187	97.42499660	1.28738578	0.00000000	0.00000000	0.00000020	0.00052300	1.28762146	98.71200300
157	98.71200880	1.28762319	0.00052300	0.00000020	0.00000000	0.00000000	1.28738751	97.42500080	1.28683350	0.00052300	0.00000020	0.00000000	0.00052300	1.28677272	97.42517460	1.28695768	0.00052300	0.00000020	0.00000020	0.00052300	1.28695768	97.42517460	1.28677272	0.00052300	0.00000000	0.00000020	0.00052300	1.28683350	97.42500080	1.28738751	0.00000000	0.00000000	0.00000020	0.00052300	1.28762319	98.71200880
158	98.71201410	1.28762478	0.00052300	0.00000020	0.00000000	0.00000000	1.28738909	97.42500460	1.28683500	0.00052300	0.00000020	0.00000000	0.00052300	1.28677422	97.42517840	1.28695917	0.00052300	0.00000020	0.00000020	0.00052300	1.28695917	97.42517840	1.28677422	0.00052300	0.00000000	0.00000020	0.00052300	1.28683500	97.42500460	1.28738909	0.00000000	0.00000000	0.00000020	0.00052300	1.28762478	98.71201410
159	98.71201890	1.28762623	0.00052300	0.00000020	0.00000000	0.00000000	1.28739055	97.42500800	1.28683637	0.00052300	0.00000020	0.00000000	0.00052400	1.28677559	97.42518180	1.28696054	0.00052300	0.00000020	0.00000020	0.00052300	1.28696054	97.42518180	1.28677559	0.00052400	0.00000000	0.00000020	0.00052300	1.28683637	97.42500800	1.28739055	0.00000000	0.00000000	0.00000020	0.00052300	1.28762623	98.71201890
160	98.71202330	1.28762756	0.00052400	0.00000020	0.00000000	0.00000000	1.28739188	97.42501120	1.28683762	0.00052300	0.00000020	0.00000000	0.00052400	1.28677684	97.42518500	1.28696180	0.00052300	0.00000020	0.00000020	0.00052300	1.28696180	97.42518500	1.28677684	0.00052400	0.00000000	0.00000020	0.00052300	1.28683762	97.42501120	1.28739188	0.00000000	0.00000000	0.00000020	0.00052400	1.28762756	98.71202330
161	98.71202730	1.28762878	0.00052400	0.00000020	0.00000000	0.00000000	1.28739309	97.42501400	1.28683877	0.00052300	0.00000020	0.00000000	0.00052400	1.28677799	97.42518790	1.28696294	0.00052300	0.00000020	0.00000020	0.00052300	1.28696294	97.42518790	1.28677799	0.00052400	0.00000000	0.00000020	0.00052300	1.28683877	97.42501400	1.28739309	0.00000000	0.00000000	0.00000020	0.00052400	1.28762878	98.71202730
162	98.71203100	1.28762990	0.00052400	0.00000020	0.00000000	0.00000000	1.28739421	97.42501660	1.28683982	0.00052300	0.00000020	0.00000000	0.00052400	1.28677904	97.42519050	1.28696399	0.00052300	0.00000020	0.00000020	0.00052300	1.28696399	97.42519050	1.28677904	0.00052400	0.00000000	0.00000020	0.00052300	1.28683982	97.42501660	1.28739421	0.00000000	0.00000000	0.00000020	0.00052400	1.28762990	98.71203100
163	98.71203430	1.28763092	0.00052400	0.00000020	0.00000000	0.00000000	1.28739523	97.42501900	1.28684078	0.00052400	0.00000020	0.00000000	0.00052400	1.28678000	97.42519280	1.28696496	0.00052400	0.00000020	0.00000020	0.00052400	1.28696496	97.42519280	1.28678000	0.00052400	0.00000000	0.00000020	0.00052400	1.28684078	97.42501900	1.28739523	0.00000000	0.00000000	0.00000020	0.00052400	1.28763092	98.71203430
164	98.71203730	1.28763186	0.00052400	0.00000020	0.00000000	0.00000000	1.28739617	97.42502120	1.28684166	0.00052400	0.00000020	0.00000000	0.00052400	1.28678088	97.42519500	1.28696583	0.00052400	0.00000020	0.00000020	0.00052400	1.28696583	97.42519500	1.28678088	0.00052400	0.00000000	0.00000020	0.00052400	1.28684166	97.42502120	1.28739617	0.00000000	0.00000000	0.00000020	0.00052400	1.28763186	98.71203730
165	98.71204010	1.28763271	0.00052400	0.00000020	0.00000000	0.00000000	1.28739703	97.42502320	1.28684246	0.00052400	0.00000020	0.00000000	0.00052400	1.28678168	97.42519700	1.28696664	0.00052400	0.00000020	0.00000020	0.00052400	1.28696664	97.42519700	1.28678168	0.00052400	0.00000000	0.00000020	0.00052400	1.28684246	97.42502320	1.28739703	0.00000000	0.00000000	0.00000020	0.00052400	1.28763271	98.71204010
166	98.71204260	1.28763350	0.00052400	0.00000021	0.00000000	0.00000000	1.28739781	97.42502500	1.28684320	0.00052400	0.00000021	0.00000000	0.00052400	1.28678242	97.42519880	1.28696737	0.00052400	0.00000021	0.00000021	0.00052400	1.28696737	97.42519880	1.28678242	0.00052400	0.00000000	0.00000021	0.00052400	1.28684320	97.42502500	1.28739781	0.00000000	0.00000000	0.00000021	0.00052400	1.28763350	98.71204260
167	98.71204500	1.28763422	0.00052400	0.00000021	0.00000000	0.00000000	1.28739853	97.42502660	1.28684387	0.00052400	0.00000021	0.00000000	0.00052400	1.28678309	97.42520040	1.28696805	0.00052400	0.00000021	0.00000021	0.00052400	1.28696805	97.42520040	1.28678309	0.00052400	0.00000000	0.00000021	0.00052400	1.28684387	97.42502660	1.28739853	0.00000000	0.00000000	0.00000021	0.00052400	1.28763422	98.71204500
168	98.71204710	1.28763488	0.00052400	0.00000021	0.00000000	0.00000000	1.28739919	97.42502810	1.28684449	0.00052400	0.00000021	0.00000000	0.00052400	1.28678371	97.42520190	1.28696866	0.00052400	0.00000021	0.00000021	0.00052400	1.28696866	97.42520190	1.28678371	0.00052400	0.00000000	0.00000021	0.00052400	1.28684449	97.42502810	1.28739919	0.00000000	0.00000000	0.00000021	0.00052400	1.28763488	98.71204710
169	98.71204900	1.28763548	0.00052400	0.00000021	0.00000000	0.00000000	1.28739979	97.42502940	1.28684505	0.00052400	0.00000021	0.00000000	0.00052400	1.28678427	97.42520330	1.28696923	0.00052400	0.00000021	0.00000021	0.00052400	1.28696923	97.42520330	1.28678427	0.00052400	0.00000000	0.00000021	0.00052400	1.28684505	97.42502940	1.28739979	0.00000000	0.00000000	0.00000021	0.00052400	1.28763548	98.71204900
170	98.71205070	1.28763603	0.00052400	0.00000021	0.00000000	0.00000000	1.28740034	97.42503070	1.28684557	0.00052400	0.00000021	0.00000000	0.00052400	1.28678478	97.42520450	1.28696974	0.00052400	0.00000021	0.00000021	0.00052400	1.28696974	97.42520450	1.28678478	0.00052400	0.00000000	0.00000021	0.00052400	1.28684557	97.42503070	1.28740034	0.00000000	0.00000000	0.00000021	0.00052400	1.28763603	98.71205070
171	98.71205230	1.28763654	0.00052400	0.00000021	0.00000000	0.00000000	1.28740085	97.42503180	1.28684604	0.00052400	0.00000021	0.00000000	0.00052400	1.28678526	97.42520560	1.28697022	0.00052400	0.00000021	0.00000021	0.00052400	1.28697022	97.42520560	1.28678526	0.00052400	0.00000000	0.00000021	0.00052400	1.28684604	97.42503180	1.28740085	0.00000000	0.00000000	0.00000021	0.00052400	1.28763654	98.71205230
172	98.71205380	1.28763700	0.00052400	0.00000021	0.00000000	0.00000000	1.28740131	97.42503280	1.28684647	0.00052400	0.00000021	0.00000000	0.00052400	1.28678569	97.42520660	1.28697065	0.00052400	0.00000021	0.00000021	0.00052400	1.28697065	97.42520660	1.28678569	0.00052400	0.00000000	0.00000021	0.00052400	1.28684647	97.42503280	1.28740131	0.00000000	0.00000000	0.00000021	0.00052400	1.28763700	98.71205380
173	98.71205510	1.28763742	0.00052400	0.00000021	0.00000000	0.00000000	1.28740174	97.42503380	1.28684687	0.00052400	0.00000021	0.00000000	0.00052400	1.28678608	97.42520760	1.28697104	0.00052400	0.00000021	0.00000021	0.00052400	1.28697104	97.42520760	1.28678608	0.00052400	0.00000000	0.00000021	0.00052400	1.28684687	97.42503380	1.28740174	0.00000000	0.00000000	0.00000021	0.00052400	1.28763742	98.71205510
174	98.71205630	1.28763781	0.00052400	0.00000021	0.00000000	0.00000000	1.28740212	97.42503460	1.28684723	0.00052400	0.00000021	0.00000000	0.00052400	1.28678644	97.42520840	1.28697140	0.00052400	0.00000021	0.00000021	0.00052400	1.28697140	97.42520840	1.28678644	0.00052400	0.00000000	0.00000021	0.00052400	1.28684723	97.42503460	1.28740212	0.00000000	0.00000000	0.00000021	0.00052400	1.28763781	98.71205630
175	98.71205740	1.28763817	0.00052400	0.00000021	0.00000000	0.00000000	1.28740248	97.42503540	1.28684756	0.00052400	0.00000021	0.00000000	0.00052400	1.28678677	97.42520920	1.28697173	0.00052400	0.00000021	0.00000021	0.00052400	1.28697173	97.42520920	1.28678677	0.00052400	0.00000000	0.00000021	0.00052400	1.28684756	97.42503540	1.28740248	0.00000000	0.00000000	0.00000021	0.00052400	1.28763817	98.71205740
176	98.71205840	1.28763849	0.00052400	0.00000021	0.00000000	0.00000000	1.28740280	97.42503610	1.28684786	0.00052400	0.00000021	0.00000000	0.00052400	1.28678707	97.42520990	1.28697203	0.00052400	0.00000021	0.00000021	0.00052400	1.28697203	97.42520990	1.28678707	0.00052400	0.00000000	0.00000021	0.00052400	1.28684786	97.42503610	1.28740280	0.00000000	0.00000000	0.00000021	0.00052400	1.28763849	98.71205840
177	98.71205940	1.28763879	0.00052400	0.00000021	0.00000000	0.00000000	1.28740310	97.42503670	1.28684813	0.00052400	0.00000021	0.00000000	0.00052400	1.28678735	97.42521060	1.28697231	0.00052400	0.00000021	0.00000021	0.00052400	1.28697231	97.42521060	1.28678735	0.00052400	0.00000000	0.00000021	0.00052400	1.28684813	97.42503670	1.28740310	0.00000000	0.00000000	0.00000021	0.00052400	1.28763879	98.71205940
178	98.71206020	1.28763906	0.00052400	0.00000021	0.00000000	0.00000000	1.28740337	97.42503730	1.28684839	0.00052400	0.00000021	0.00000000	0.00052400	1.28678760	97.42521110	1.28697256	0.00052400	0.00000021	0.00000021	0.00052400	1.28697256	97.42521110	1.28678760	0.00052400	0.00000000	0.00000021	0.00052400	1.28684839	97.42503730	1.28740337	0.00000000	0.00000000	0.00000021	0.00052400	1.28763906	98.71206020
179	98.71206100	1.28763931	0.00052400	0.00000021	0.00000000	0.00000000	1.28740362	97.42503790	1.28684862	0.00052400	0.00000021	0.00000000	0.00052400	1.28678783	97.42521170	1.28697279	0.00052400	0.00000021	0.00000021	0.00052400	1.28697279	97.42521170	1.28678783	0.00052400	0.00000000	0.00000021	0.00052400	1.28684862	97.42503790	1.28740362	0.00000000	0.00000000	0.00000021	0.00052400	1.28763931	98.71206100
180	98.71206170	1.28763954	0.00052400	0.00000021	0.00000000	0.00000000	1.28740385	97.42503830	1.28684883	0.00052400	0.00000021	0.00000000	0.00052400	1.28678805	97.42521220	1.28697301	0.00052400	0.00000021	0.00000021	0.00052400	1.28697301	97.42521220	1.28678805	0.00052400	0.00000000	0.00000021	0.00052400	1.28684883	97.42503830	1.28740385	0.00000000	0.00000000	0.00000021	0.00052400	1.28763954	98.71206170
181	98.71206230	1.28763975	0.00052400	0.00000021	0.00000000	0.00000000	1.28740406	97.42503880	1.28684902	0.00052400	0.00000021	0.00000000	0.00052400	1.28678824	97.42521260	1.28697320	0.00052400	0.00000021	0.00000021	0.00052400	1.28697320	97.42521260	1.28678824	0.00052400	0.00000000	0.00000021	0.00052400	1.28684902	97.42503880	1.28740406	0.00000000	0.00000000	0.00000021	0.00052400	1.28763975	98.71206230
182	98.71206290	1.28763994	0.00052400	0.00000021	0.00000000	0.00000000	1.28740425	97.42503920	1.28684920	0.00052400	0.00000021	0.00000000	0.00052400	1.28678842	97.42521300	1.28697338	0.00052400	0.00000021	0.00000021	0.00052400	1.28697338	97.42521300	1.28678842	0.00052400	0.00000000	0.00000021	0.00052400	1.28684920	97.42503920	1.28740425	0.00000000	0.00000000	0.00000021	0.00052400	1.28763994	98.71206290
183	98.71206340	1.28764011	0.00052400	0.00000021	0.00000000	0.00000000	1.28740443	97.42503960	1.28684936	0.00052400	0.00000021	0.00000000	0.00052400	1.28678858	97.42521340	1.28697354	0.00052400	0.00000021	0.00000021	0.00052400	1.28697354	97.42521340	1.28678858	0.00052400	0.00000000	0.00000021	0.00052400	1.28684936	97.42503960	1.28740443	0.00000000	0.00000000	0.00000021	0.00052400	1.28764011	98.71206340
184	98.71206390	1.28764027	0.00052400	0.00000021	0.00000000	0.00000000	1.28740459	97.42503990	1.28684951	0.00052400	0.00000021	0.00000000	0.00052400	1.28678873	97.42521370	1.28697369	0.00052400	0.00000021	0.00000021	0.00052400	1.28697369	97.42521370	1.28678873	0.00052400	0.00000000	0.00000021	0.00052400	1.28684951	97.42503990	1.28740459	0.00000000	0.00000000	0.00000021	0.00052400	1.28764027	98.71206390
185	98.71206430	1.28764042	0.00052400	0.00000021	0.00000000	0.00000000	1.28740473	97.42504020	1.28684964	0.00052400	0.00000021	0.00000000	0.00052400	1.28678886	97.42521400	1.28697382	0.00052400	0.00000021	0.00000021	0.00052400	1.28697382	97.42521400	1.28678886	0.00052400	0.00000000	0.00000021	0.00052400	1.28684964	97.42504020	1.28740473	0.00000000	0.00000000	0.00000021	0.00052400	1.28764042	98.71206430
186	98.71206470	1.28764056	0.00052400	0.00000021	0.00000000	0.00000000	1.28740487	97.42504050	1.28684977	0.00052400	0.00000021	0.00000000	0.00052400	1.28678898	97.42521430	1.28697394	0.00052400	0.00000021	0.00000021	0.00052400	1.28697394	97.42521430	1.28678898	0.00052400	0.00000000	0.00000021	0.00052400	1.28684977	97.42504050	1.28740487	0.00000000	0.00000000	0.00000021	0.00052400	1.28764056	98.71206470
187	98.71206510	1.28764068	0.00052400	0.00000021	0.00000000	0.00000000	1.28740499	97.42504070	1.28684988	0.00052400	0.00000021	0.00000000	0.00052400	1.28678910	97.42521450	1.28697406	0.00052400	0.00000021	0.00000021	0.00052400	1.28697406	97.42521450	1.28678910	0.00052400	0.00000000	0.00000021	0.00052400	1.28684988	97.42504070	1.28740499	0.00000000	0.00000000	0.00000021	0.00052400	1.28764068	98.71206510
188	98.71206540	1.28764079	0.00052400	0.00000021	0.00000000	0.00000000	1.28740510	97.42504100	1.28684998	0.00052400	0.00000021	0.00000000	0.00052400	1.28678920	97.42521480	1.28697416	0.00052400	0.00000021	0.00000021	0.00052400	1.28697416	97.42521480	1.28678920	0.00052400	0.00000000	0.00000021	0.00052400	1.28684998	97.42504100	1.28740510	0.00000000	0.00000000	0.00000021	0.00052400	1.28764079	98.71206540
189	98.71206570	1.28764089	0.00052400	0.00000021	0.00000000	0.00000000	1.28740521	97.42504120	1.28685008	0.00052400	0.00000021	0.00000000	0.00052400	1.28678929	97.42521500	1.28697425	0.00052400	0.00000021	0.00000021	0.00052400	1.28697425	97.42521500	1.28678929	0.00052400	0.00000000	0.00000021	0.00052400	1.28685008	97.42504120	1.28740521	0.00000000	0.00000000	0.00000021	0.00052400	1.28764089	98.71206570
190	98.71206600	1.28764099	0.00052400	0.00000021	0.00000000	0.00000000	1.28740530	97.42504140	1.28685017	0.00052400	0.00000021	0.00000000	0.00052400	1.28678938	97.42521520	1.28697434	0.00052400	0.00000021	0.00000021	0.00052400	1.28697434	97.42521520	1.28678938	0.00052400	0.00000000	0.00000021	0.00052400	1.28685017	97.42504140	1.28740530	0.00000000	0.00000000	0.00000021	0.00052400	1.28764099	98.71206600
191	98.71206630	1.28764107	0.00052400	0.00000021	0.00000000	0.00000000	1.28740539	97.42504150	1.28685024	0.00052400	0.00000021	0.00000000	0.00052400	1.28678946	97.42521530	1.28697442	0.00052400	0.00000021	0.00000021	0.00052400	1.28697442	97.42521530	1.28678946	0.00052400	0.00000000	0.00000021	0.00052400	1.28685024	97.42504150	1.28740539	0.00000000	0.00000000	0.00000021	0.00052400	1.28764107	98.71206630
192	98.71206650	1.28764115	0.00052400	0.00000021	0.00000000	0.00000000	1.28740547	97.42504170	1.28685032	0.00052400	0.00000021	0.00000000	0.00052400	1.28678953	97.42521550	1.28697449	0.00052400	0.00000021	0.00000021	0.00052400	1.28697449	97.42521550	1.28678953	0.00052400	0.00000000	0.00000021	0.00052400	1.28685032	97.42504170	1.28740547	0.00000000	0.00000000	0.00000021	0.00052400	1.28764115	98.71206650
193	98.71206670	1.28764123	0.00052400	0.00000021	0.00000000	0.00000000	1.28740554	97.42504180	1.28685038	0.00052400	0.00000021	0.00000000	0.00052400	1.28678960	97.42521570	1.28697456	0.00052400	0.00000021	0.00000021	0.00052400	1.28697456	97.42521570	1.28678960	0.00052400	0.00000000	0.00000021	0.00052400	1.28685038	97.42504180	1.28740554	0.00000000	0.00000000	0.00000021	0.00052400	1.28764123	98.71206670
194	98.71206690	1.28764129	0.00052400	0.00000021	0.00000000	0.00000000	1.28740560	97.42504200	1.28685044	0.00052400	0.00000021	0.00000000	0.00052500	1.28678966	97.42521580	1.28697462	0.00052400	0.00000021	0.00000021	0.00052400	1.28697462	97.42521580	1.28678966	0.00052500	0.00000000	0.00000021	0.00052400	1.28685044	97.42504200	1.28740560	0.00000000	0.00000000	0.00000021	0.00052400	1.28764129	98.71206690
195	98.71206710	1.28764135	0.00052400	0.00000021	0.00000000	0.00000000	1.28740566	97.42504210	1.28685050	0.00052400	0.00000021	0.00000000	0.00052500	1.28678971	97.42521590	1.28697467	0.00052400	0.00000021	0.00000021	0.00052400	1.28697467	97.42521590	1.28678971	0.00052500	0.00000000	0.00000021	0.00052400	1.28685050	97.42504210	1.28740566	0.00000000	0.00000000	0.00000021	0.00052400	1.28764135	98.71206710
196	98.71206720	1.28764141	0.00052400	0.00000021	0.00000000	0.00000000	1.28740572	97.42504220	1.28685055	0.00052400	0.00000021	0.00000000	0.00052500	1.28678976	97.42521600	1.28697472	0.00052400	0.00000021	0.00000021	0.00052400	1.28697472	97.42521600	1.28678976	0.00052500	0.00000000	0.00000021	0.00052400	1.28685055	97.42504220	1.28740572	0.00000000	0.00000000	0.00000021	0.00052400	1.28764141	98.71206720
197	98.71206740	1.28764146	0.00052400	0.00000021	0.00000000	0.00000000	1.28740577	97.42504230	1.28685059	0.00052400	0.00000021	0.00000000	0.00052500	1.28678981	97.42521610	1.28697477	0.00052400	0.00000021	0.00000021	0.00052400	1.28697477	97.42521610	1.28678981	0.00052500	0.00000000	0.00000021	0.00052400	1.28685059	97.42504230	1.28740577	0.00000000	0.00000000	0.00000021	0.00052400	1.28764146	98.71206740
198	98.71206750	1.28764150	0.00052400	0.00000021	0.00000000	0.00000000	1.28740582	97.42504240	1.28685064	0.00052400	0.00000021	0.00000000	0.00052500	1.28678985	97.42521620	1.28697481	0.00052400	0.00000021	0.00000021	0.00052400	1.28697481	97.42521620	1.28678985	0.00052500	0.00000000	0.00000021	0.00052400	1.28685064	97.42504240	1.28740582	0.00000000	0.00000000	0.00000021	0.00052400	1.28764150	98.71206750
199	98.71206760	1.28764155	0.00052400	0.00000021	0.00000000	0.00000000	1.28740586	97.42504250	1.28685068	0.00052400	0.00000021	0.00000000	0.00052500	1.28678989	97.42521630	1.28697485	0.00052400	0.00000021	0.00000021	0.00052400	1.28697485	97.42521630	1.28678989	0.00052500	0.00000000	0.00000021	0.00052400	1.28685068	97.42504250	1.28740586	0.00000000	0.00000000	0.00000021	0.00052400	1.28764155	98.71206760
200	98.71206770	1.28764159	0.00052400	0.00000021	0.00000000	0.00000000	1.28740590	97.42504250	1.28685071	0.00052400	0.00000021	0.00000000	0.00052500	1.28678993	97.42521640	1.28697489	0.00052400	0.00000021	0.00000021	0.00052400	1.28697489	97.42521640	1.28678993	0.00052500	0.00000000	0.00000021	0.00052400	1.28685071	97.42504250	1.28740590	0.00000000	0.00000000	0.00000021	0.00052400	1.28764159	98.71206770
